20.88
20.91
20.91
20.94
20.99
20.99
20.98
21.01
21.05
21.07
21.1
21.12
21.14
21.16
21.16
21.14
21.2
21.17
21.22
21.22
21.25
21.26
21.25
21.3
21.3
21.32
21.3
21.31
21.32
21.34
21.33
21.36
21.35
21.37
21.38
21.37
21.38
21.42
21.4
21.41
21.44
21.45
21.45
21.42
21.44
21.46
21.43
21.45
21.42
21.45
21.43
21.45
21.46
21.46
21.46
21.46
21.44
21.42
21.42
21.41
21.44
21.44
21.41
21.39
21.42
21.39
21.39
21.4
21.37
21.36
21.38
21.35
21.36
21.34
21.34
21.32
21.34
21.35
21.32
21.33
21.3
21.32
21.29
21.25
21.23
21.23
21.18
21.15
21.15
21.13
21.16
21.16
21.15
21.14
21.09
21.11
21.08
21.07
21.05
21.02
20.99
21.01
20.98
20.97
20.93
20.93
20.92
20.89
20.91
20.86
20.84
20.84
20.84
20.81
20.82
20.8
20.79
20.77
20.77
20.73
20.73
20.72
20.71
20.69
20.69
20.68
20.66
20.65
20.64
20.63
20.62
20.62
20.61
20.59
20.58
20.58
20.55
20.55
20.54
20.53
20.52
20.5
20.46
20.46
20.45
20.42
20.41
20.41
20.39
20.37
20.36
20.37
20.35
20.35
20.32
20.32
20.31
20.28
20.28
20.25
20.24
20.23
20.21
20.2
20.19
20.17
20.16
20.14
20.16
20.13
20.13
20.11
20.11
20.08
20.08
20.07
20.06
20.04
20.03
20.03
20.03
20.01
20.02
20.03
20.03
20.03
20.01
20.02
20.01
20.02
20.02
20.02
20.03
20.0
20.01
20.06
20.04
20.07
20.04
20.05
20.08
20.09
20.08
20.1
20.14
20.12
20.12
20.16
20.17
20.17
20.2
20.23
20.22
20.29
20.29
20.32
20.31
20.34
20.34
20.38
20.38
20.4
20.47
20.44
20.48
20.53
20.52
20.53
20.55
20.59
20.62
20.63
20.64
20.67
20.72
20.74
20.75
20.8
20.83
20.82
20.88
20.88
20.95
20.97
21.0
21.02
21.03
21.06
21.11
21.13
21.17
21.19
21.24
21.23
21.29
21.33
21.33
21.38
21.39
21.44
21.47
21.47
21.49
21.55
21.59
21.59
21.64
21.67
21.7
21.72
21.77
21.79
21.82
21.86
21.88
21.91
21.94
21.95
22.0
22.01
22.03
22.05
22.08
22.09
