20.38
20.39
20.35
20.37
20.4
20.45
20.48
20.45
20.48
20.48
20.5
20.52
20.55
20.55
20.58
20.64
20.63
20.63
20.65
20.65
20.65
20.69
20.73
20.69
20.73
20.76
20.75
20.78
20.78
20.77
20.84
20.84
20.86
20.82
20.85
20.85
20.88
20.93
20.9
20.97
20.94
20.94
20.99
20.98
20.94
20.98
20.93
20.96
20.99
21.0
20.94
20.95
20.98
21.0
20.98
20.97
20.95
21.01
20.96
20.94
20.95
20.96
20.97
20.97
20.94
20.93
20.92
20.94
20.91
20.94
20.93
20.89
20.88
20.91
20.85
20.84
20.84
20.86
20.82
20.82
20.85
20.8
20.79
20.77
20.75
20.77
20.73
20.69
20.71
20.66
20.66
20.69
20.68
20.65
20.64
20.63
20.59
20.57
20.59
20.58
20.54
20.53
20.49
20.51
20.48
20.48
20.44
20.45
20.38
20.38
20.39
20.42
20.4
20.4
20.35
20.37
20.31
20.32
20.32
20.31
20.32
20.33
20.29
20.29
20.28
20.29
20.26
20.26
20.25
20.23
20.26
20.22
20.26
20.23
20.21
20.19
20.19
20.17
20.18
20.17
20.14
20.14
20.11
20.12
20.06
20.09
20.06
20.05
20.05
20.04
20.0
20.03
20.02
20.0
19.96
19.98
19.93
19.92
19.93
19.89
19.88
19.87
19.87
19.85
19.83
19.85
19.81
19.84
19.81
19.79
19.8
19.79
19.78
19.75
19.73
19.74
19.73
19.69
19.72
19.69
19.68
19.68
19.66
19.66
19.66
19.68
19.64
19.64
19.68
19.64
19.64
19.67
19.66
19.65
19.7
19.72
19.71
19.7
19.74
19.71
19.74
19.7
19.71
19.75
19.77
19.76
19.8
19.75
19.76
19.83
19.84
19.86
19.85
19.87
19.89
19.88
19.93
19.94
19.91
19.95
19.97
19.96
20.03
20.0
20.07
20.07
20.06
20.08
20.16
20.18
20.21
20.19
20.25
20.23
20.28
20.28
20.3
20.31
20.34
20.37
20.38
20.42
20.5
20.52
20.52
20.55
20.62
20.6
20.65
20.63
20.66
20.7
20.74
20.73
20.8
20.82
20.82
20.85
20.88
20.95
20.94
20.96
21.04
21.02
21.06
21.12
21.11
21.19
21.22
21.19
21.23
21.29
21.3
21.35
21.34
21.39
21.43
21.43
21.45
21.48
21.54
21.53
21.58
21.61
21.59
