   1.0013580322265625e-02
   1.0967254638671875e-02
   1.1920928955078125e-02
   1.2874603271484375e-02
   1.3828277587890625e-02
   1.4781951904296875e-02
   1.5735626220703125e-02
   1.6689300537109375e-02
   1.7642974853515625e-02
   1.8596649169921875e-02
   1.9550323486328125e-02
   2.0503997802734375e-02
   2.1457672119140625e-02
   2.2411346435546875e-02
   2.3365020751953125e-02
   2.4318695068359375e-02
   2.5272369384765625e-02
   2.6226043701171875e-02
   2.7179718017578125e-02
   2.8133392333984375e-02
   2.9087066650390625e-02
   3.0040740966796875e-02
   3.0994415283203125e-02
   3.1948089599609375e-02
   3.2901763916015625e-02
   3.3855438232421875e-02
   3.4809112548828125e-02
   3.5762786865234375e-02
   3.6716461181640625e-02
   3.7670135498046875e-02
   3.8623809814453125e-02
   3.9577484130859375e-02
   4.0531158447265625e-02
   4.1484832763671875e-02
   4.2438507080078125e-02
   4.3392181396484375e-02
   4.4345855712890625e-02
   4.5299530029296875e-02
   4.6253204345703125e-02
   4.7206878662109375e-02
   4.8160552978515625e-02
   4.9114227294921875e-02
   5.0067901611328125e-02
   5.1021575927734375e-02
   5.1975250244140625e-02
   5.2928924560546875e-02
   5.3882598876953125e-02
   5.4836273193359375e-02
   5.5789947509765625e-02
   5.6743621826171875e-02
   5.7697296142578125e-02
   5.8650970458984375e-02
   5.9604644775390625e-02
   6.0558319091796875e-02
   6.1511993408203125e-02
   6.2465667724609375e-02
   6.3419342041015625e-02
   6.4373016357421875e-02
   6.5326690673828125e-02
   6.6280364990234375e-02
   6.7234039306640625e-02
   6.8187713623046875e-02
   6.9141387939453125e-02
   7.0095062255859375e-02
   7.1048736572265625e-02
   7.2002410888671875e-02
   7.2956085205078125e-02
   7.3909759521484375e-02
   7.4863433837890625e-02
   7.5817108154296875e-02
   7.6770782470703125e-02
   7.7724456787109375e-02
   7.8678131103515625e-02
   7.9631805419921875e-02
   8.0585479736328125e-02
   8.1539154052734375e-02
   8.2492828369140625e-02
   8.3446502685546875e-02
   8.4400177001953125e-02
   8.5353851318359375e-02
   8.6307525634765625e-02
   8.7261199951171875e-02
   8.8214874267578125e-02
   8.9168548583984375e-02
   9.0122222900390625e-02
   9.1075897216796875e-02
   9.2029571533203125e-02
   9.2983245849609375e-02
   9.3936920166015625e-02
   9.4890594482421875e-02
   9.5844268798828125e-02
   9.6797943115234375e-02
   9.7751617431640625e-02
   9.8705291748046875e-02
   9.9658966064453125e-02
   1.0061264038085938e-01
   1.0156631469726563e-01
   1.0251998901367188e-01
   1.0347366333007813e-01
   1.0442733764648438e-01
   1.0538101196289063e-01
   1.0633468627929688e-01
   1.0728836059570313e-01
   1.0824203491210938e-01
   1.0919570922851563e-01
   1.1014938354492188e-01
   1.1110305786132813e-01
   1.1205673217773438e-01
   1.1301040649414063e-01
   1.1396408081054688e-01
   1.1491775512695313e-01
   1.1587142944335938e-01
   1.1682510375976563e-01
   1.1777877807617188e-01
   1.1873245239257813e-01
   1.1968612670898438e-01
   1.2063980102539063e-01
   1.2159347534179688e-01
   1.2254714965820313e-01
   1.2350082397460938e-01
   1.2445449829101563e-01
   1.2540817260742188e-01
   1.2636184692382813e-01
   1.2731552124023438e-01
   1.2826919555664063e-01
   1.2922286987304688e-01
   1.3017654418945313e-01
   1.3113021850585938e-01
   1.3208389282226563e-01
   1.3303756713867188e-01
   1.3399124145507813e-01
   1.3494491577148438e-01
   1.3589859008789063e-01
   1.3685226440429688e-01
   1.3780593872070313e-01
   1.3875961303710938e-01
   1.3971328735351563e-01
   1.4066696166992188e-01
   1.4162063598632813e-01
   1.4257431030273438e-01
   1.4352798461914063e-01
   1.4448165893554688e-01
   1.4543533325195313e-01
   1.4638900756835938e-01
   1.4734268188476563e-01
   1.4829635620117188e-01
   1.4925003051757813e-01
   1.5020370483398438e-01
   1.5115737915039063e-01
   1.5211105346679688e-01
   1.5306472778320313e-01
   1.5401840209960938e-01
   1.5497207641601563e-01
   1.5592575073242188e-01
   1.5687942504882813e-01
   1.5783309936523438e-01
   1.5878677368164063e-01
   1.5974044799804688e-01
   1.6069412231445313e-01
   1.6164779663085938e-01
   1.6260147094726563e-01
   1.6355514526367188e-01
   1.6450881958007813e-01
   1.6546249389648438e-01
   1.6641616821289063e-01
   1.6736984252929688e-01
   1.6832351684570313e-01
   1.6927719116210938e-01
   1.7023086547851563e-01
   1.7118453979492188e-01
   1.7213821411132813e-01
   1.7309188842773438e-01
   1.7404556274414063e-01
   1.7499923706054688e-01
   1.7595291137695313e-01
   1.7690658569335938e-01
   1.7786026000976563e-01
   1.7881393432617188e-01
   1.7976760864257813e-01
   1.8072128295898438e-01
   1.8167495727539063e-01
   1.8262863159179688e-01
   1.8358230590820313e-01
   1.8453598022460938e-01
   1.8548965454101563e-01
   1.8644332885742188e-01
   1.8739700317382813e-01
   1.8835067749023438e-01
   1.8930435180664063e-01
   1.9025802612304688e-01
   1.9121170043945313e-01
   1.9216537475585938e-01
   1.9311904907226563e-01
   1.9407272338867188e-01
   1.9502639770507813e-01
   1.9598007202148438e-01
   1.9693374633789063e-01
   1.9788742065429688e-01
   1.9884109497070313e-01
   1.9979476928710938e-01
   2.0074844360351563e-01
   2.0170211791992188e-01
   2.0265579223632813e-01
   2.0360946655273438e-01
   2.0456314086914063e-01
   2.0551681518554688e-01
   2.0647048950195313e-01
   2.0742416381835938e-01
   2.0837783813476563e-01
   2.0933151245117188e-01
   2.1028518676757813e-01
   2.1123886108398438e-01
   2.1219253540039063e-01
   2.1314620971679688e-01
   2.1409988403320313e-01
   2.1505355834960938e-01
   2.1600723266601563e-01
   2.1696090698242188e-01
   2.1791458129882813e-01
   2.1886825561523438e-01
   2.1982192993164063e-01
   2.2077560424804688e-01
   2.2172927856445313e-01
   2.2268295288085938e-01
   2.2363662719726563e-01
   2.2459030151367188e-01
   2.2554397583007813e-01
   2.2649765014648438e-01
   2.2745132446289063e-01
   2.2840499877929688e-01
   2.2935867309570313e-01
   2.3031234741210938e-01
   2.3126602172851563e-01
   2.3221969604492188e-01
   2.3317337036132813e-01
   2.3412704467773438e-01
   2.3508071899414063e-01
   2.3603439331054688e-01
   2.3698806762695313e-01
   2.3794174194335938e-01
   2.3889541625976563e-01
   2.3984909057617188e-01
   2.4080276489257813e-01
   2.4175643920898438e-01
   2.4271011352539063e-01
   2.4366378784179688e-01
   2.4461746215820313e-01
   2.4557113647460938e-01
   2.4652481079101563e-01
   2.4747848510742188e-01
   2.4843215942382813e-01
   2.4938583374023438e-01
   2.5033950805664063e-01
   2.5129318237304688e-01
   2.5224685668945313e-01
   2.5320053100585938e-01
   2.5415420532226563e-01
   2.5510787963867188e-01
   2.5606155395507813e-01
   2.5701522827148438e-01
   2.5796890258789063e-01
   2.5892257690429688e-01
   2.5987625122070313e-01
   2.6082992553710938e-01
   2.6178359985351563e-01
   2.6273727416992188e-01
   2.6369094848632813e-01
   2.6464462280273438e-01
   2.6559829711914063e-01
   2.6655197143554688e-01
   2.6750564575195313e-01
   2.6845932006835938e-01
   2.6941299438476563e-01
   2.7036666870117188e-01
   2.7132034301757813e-01
   2.7227401733398438e-01
   2.7322769165039063e-01
   2.7418136596679688e-01
   2.7513504028320313e-01
   2.7608871459960938e-01
   2.7704238891601563e-01
   2.7799606323242188e-01
   2.7894973754882813e-01
   2.7990341186523438e-01
   2.8085708618164063e-01
   2.8181076049804688e-01
   2.8276443481445313e-01
   2.8371810913085938e-01
   2.8467178344726563e-01
   2.8562545776367188e-01
   2.8657913208007813e-01
   2.8753280639648438e-01
   2.8848648071289063e-01
   2.8944015502929688e-01
   2.9039382934570313e-01
   2.9134750366210938e-01
   2.9230117797851563e-01
   2.9325485229492188e-01
   2.9420852661132813e-01
   2.9516220092773438e-01
   2.9611587524414063e-01
   2.9706954956054688e-01
   2.9802322387695313e-01
   2.9897689819335938e-01
   2.9993057250976563e-01
   3.0088424682617188e-01
   3.0183792114257813e-01
   3.0279159545898438e-01
   3.0374526977539063e-01
   3.0469894409179688e-01
   3.0565261840820313e-01
   3.0660629272460938e-01
   3.0755996704101563e-01
   3.0851364135742188e-01
   3.0946731567382813e-01
   3.1042098999023438e-01
   3.1137466430664063e-01
   3.1232833862304688e-01
   3.1328201293945313e-01
   3.1423568725585938e-01
   3.1518936157226563e-01
   3.1614303588867188e-01
   3.1709671020507813e-01
   3.1805038452148438e-01
   3.1900405883789063e-01
   3.1995773315429688e-01
   3.2091140747070313e-01
   3.2186508178710938e-01
   3.2281875610351563e-01
   3.2377243041992188e-01
   3.2472610473632813e-01
   3.2567977905273438e-01
   3.2663345336914063e-01
   3.2758712768554688e-01
   3.2854080200195313e-01
   3.2949447631835938e-01
   3.3044815063476563e-01
   3.3140182495117188e-01
   3.3235549926757813e-01
   3.3330917358398438e-01
   3.3426284790039063e-01
   3.3521652221679688e-01
   3.3617019653320313e-01
   3.3712387084960938e-01
   3.3807754516601563e-01
   3.3903121948242188e-01
   3.3998489379882813e-01
   3.4093856811523438e-01
   3.4189224243164063e-01
   3.4284591674804688e-01
   3.4379959106445313e-01
   3.4475326538085938e-01
   3.4570693969726563e-01
   3.4666061401367188e-01
   3.4761428833007813e-01
   3.4856796264648438e-01
   3.4952163696289063e-01
   3.5047531127929688e-01
   3.5142898559570313e-01
   3.5238265991210938e-01
   3.5333633422851563e-01
   3.5429000854492188e-01
   3.5524368286132813e-01
   3.5619735717773438e-01
   3.5715103149414063e-01
   3.5810470581054688e-01
   3.5905838012695313e-01
   3.6001205444335938e-01
   3.6096572875976563e-01
   3.6191940307617188e-01
   3.6287307739257813e-01
   3.6382675170898438e-01
   3.6478042602539063e-01
   3.6573410034179688e-01
   3.6668777465820313e-01
   3.6764144897460938e-01
   3.6859512329101563e-01
   3.6954879760742188e-01
   3.7050247192382813e-01
   3.7145614624023438e-01
   3.7240982055664063e-01
   3.7336349487304688e-01
   3.7431716918945313e-01
   3.7527084350585938e-01
   3.7622451782226563e-01
   3.7717819213867188e-01
   3.7813186645507813e-01
   3.7908554077148438e-01
   3.8003921508789063e-01
   3.8099288940429688e-01
   3.8194656372070313e-01
   3.8290023803710938e-01
   3.8385391235351563e-01
   3.8480758666992188e-01
   3.8576126098632813e-01
   3.8671493530273438e-01
   3.8766860961914063e-01
   3.8862228393554688e-01
   3.8957595825195313e-01
   3.9052963256835938e-01
   3.9148330688476563e-01
   3.9243698120117188e-01
   3.9339065551757813e-01
   3.9434432983398438e-01
   3.9529800415039063e-01
   3.9625167846679688e-01
   3.9720535278320313e-01
   3.9815902709960938e-01
   3.9911270141601563e-01
   4.0006637573242188e-01
   4.0102005004882813e-01
   4.0197372436523438e-01
   4.0292739868164063e-01
   4.0388107299804688e-01
   4.0483474731445313e-01
   4.0578842163085938e-01
   4.0674209594726563e-01
   4.0769577026367188e-01
   4.0864944458007813e-01
   4.0960311889648438e-01
   4.1055679321289063e-01
   4.1151046752929688e-01
   4.1246414184570313e-01
   4.1341781616210938e-01
   4.1437149047851563e-01
   4.1532516479492188e-01
   4.1627883911132813e-01
   4.1723251342773438e-01
   4.1818618774414063e-01
   4.1913986206054688e-01
   4.2009353637695313e-01
   4.2104721069335938e-01
   4.2200088500976563e-01
   4.2295455932617188e-01
   4.2390823364257813e-01
   4.2486190795898438e-01
   4.2581558227539063e-01
   4.2676925659179688e-01
   4.2772293090820313e-01
   4.2867660522460938e-01
   4.2963027954101563e-01
   4.3058395385742188e-01
   4.3153762817382813e-01
   4.3249130249023438e-01
   4.3344497680664063e-01
   4.3439865112304688e-01
   4.3535232543945313e-01
   4.3630599975585938e-01
   4.3725967407226563e-01
   4.3821334838867188e-01
   4.3916702270507813e-01
   4.4012069702148438e-01
   4.4107437133789063e-01
   4.4202804565429688e-01
   4.4298171997070313e-01
   4.4393539428710938e-01
   4.4488906860351563e-01
   4.4584274291992188e-01
   4.4679641723632813e-01
   4.4775009155273438e-01
   4.4870376586914063e-01
   4.4965744018554688e-01
   4.5061111450195313e-01
   4.5156478881835938e-01
   4.5251846313476563e-01
   4.5347213745117188e-01
   4.5442581176757813e-01
   4.5537948608398438e-01
   4.5633316040039063e-01
   4.5728683471679688e-01
   4.5824050903320313e-01
   4.5919418334960938e-01
   4.6014785766601563e-01
   4.6110153198242188e-01
   4.6205520629882813e-01
   4.6300888061523438e-01
   4.6396255493164063e-01
   4.6491622924804688e-01
   4.6586990356445313e-01
   4.6682357788085938e-01
   4.6777725219726563e-01
   4.6873092651367188e-01
   4.6968460083007813e-01
   4.7063827514648438e-01
   4.7159194946289063e-01
   4.7254562377929688e-01
   4.7349929809570313e-01
   4.7445297241210938e-01
   4.7540664672851563e-01
   4.7636032104492188e-01
   4.7731399536132813e-01
   4.7826766967773438e-01
   4.7922134399414063e-01
   4.8017501831054688e-01
   4.8112869262695313e-01
   4.8208236694335938e-01
   4.8303604125976563e-01
   4.8398971557617188e-01
   4.8494338989257813e-01
   4.8589706420898438e-01
   4.8685073852539063e-01
   4.8780441284179688e-01
   4.8875808715820313e-01
   4.8971176147460938e-01
   4.9066543579101563e-01
   4.9161911010742188e-01
   4.9257278442382813e-01
   4.9352645874023438e-01
   4.9448013305664063e-01
   4.9543380737304688e-01
   4.9638748168945313e-01
   4.9734115600585938e-01
   4.9829483032226563e-01
   4.9924850463867188e-01
   5.0020217895507813e-01
   5.0115585327148438e-01
   5.0210952758789063e-01
   5.0306320190429688e-01
   5.0401687622070313e-01
   5.0497055053710938e-01
   5.0592422485351563e-01
   5.0687789916992188e-01
   5.0783157348632813e-01
   5.0878524780273438e-01
   5.0973892211914063e-01
   5.1069259643554688e-01
   5.1164627075195313e-01
   5.1259994506835938e-01
   5.1355361938476563e-01
   5.1450729370117188e-01
   5.1546096801757813e-01
   5.1641464233398438e-01
   5.1736831665039063e-01
   5.1832199096679688e-01
   5.1927566528320313e-01
   5.2022933959960938e-01
   5.2118301391601563e-01
   5.2213668823242188e-01
   5.2309036254882813e-01
   5.2404403686523438e-01
   5.2499771118164063e-01
   5.2595138549804688e-01
   5.2690505981445313e-01
   5.2785873413085938e-01
   5.2881240844726563e-01
   5.2976608276367188e-01
   5.3071975708007813e-01
   5.3167343139648438e-01
   5.3262710571289063e-01
   5.3358078002929688e-01
   5.3453445434570313e-01
   5.3548812866210938e-01
   5.3644180297851563e-01
   5.3739547729492188e-01
   5.3834915161132813e-01
   5.3930282592773438e-01
   5.4025650024414063e-01
   5.4121017456054688e-01
   5.4216384887695313e-01
   5.4311752319335938e-01
   5.4407119750976563e-01
   5.4502487182617188e-01
   5.4597854614257813e-01
   5.4693222045898438e-01
   5.4788589477539063e-01
   5.4883956909179688e-01
   5.4979324340820313e-01
   5.5074691772460938e-01
   5.5170059204101563e-01
   5.5265426635742188e-01
   5.5360794067382813e-01
   5.5456161499023438e-01
   5.5551528930664063e-01
   5.5646896362304688e-01
   5.5742263793945313e-01
   5.5837631225585938e-01
   5.5932998657226563e-01
   5.6028366088867188e-01
   5.6123733520507813e-01
   5.6219100952148438e-01
   5.6314468383789063e-01
   5.6409835815429688e-01
   5.6505203247070313e-01
   5.6600570678710938e-01
   5.6695938110351563e-01
   5.6791305541992188e-01
   5.6886672973632813e-01
   5.6982040405273438e-01
   5.7077407836914063e-01
   5.7172775268554688e-01
   5.7268142700195313e-01
   5.7363510131835938e-01
   5.7458877563476563e-01
   5.7554244995117188e-01
   5.7649612426757813e-01
   5.7744979858398438e-01
   5.7840347290039063e-01
   5.7935714721679688e-01
   5.8031082153320313e-01
   5.8126449584960938e-01
   5.8221817016601563e-01
   5.8317184448242188e-01
   5.8412551879882813e-01
   5.8507919311523438e-01
   5.8603286743164063e-01
   5.8698654174804688e-01
   5.8794021606445313e-01
   5.8889389038085938e-01
   5.8984756469726563e-01
   5.9080123901367188e-01
   5.9175491333007813e-01
   5.9270858764648438e-01
   5.9366226196289063e-01
   5.9461593627929688e-01
   5.9556961059570313e-01
   5.9652328491210938e-01
   5.9747695922851563e-01
   5.9843063354492188e-01
   5.9938430786132813e-01
   6.0033798217773438e-01
   6.0129165649414063e-01
   6.0224533081054688e-01
   6.0319900512695313e-01
   6.0415267944335938e-01
   6.0510635375976563e-01
   6.0606002807617188e-01
   6.0701370239257813e-01
   6.0796737670898438e-01
   6.0892105102539063e-01
   6.0987472534179688e-01
   6.1082839965820313e-01
   6.1178207397460938e-01
   6.1273574829101563e-01
   6.1368942260742188e-01
   6.1464309692382813e-01
   6.1559677124023438e-01
   6.1655044555664063e-01
   6.1750411987304688e-01
   6.1845779418945313e-01
   6.1941146850585938e-01
   6.2036514282226563e-01
   6.2131881713867188e-01
   6.2227249145507813e-01
   6.2322616577148438e-01
   6.2417984008789063e-01
   6.2513351440429688e-01
   6.2608718872070313e-01
   6.2704086303710938e-01
   6.2799453735351563e-01
   6.2894821166992188e-01
   6.2990188598632813e-01
   6.3085556030273438e-01
   6.3180923461914063e-01
   6.3276290893554688e-01
   6.3371658325195313e-01
   6.3467025756835938e-01
   6.3562393188476563e-01
   6.3657760620117188e-01
   6.3753128051757813e-01
   6.3848495483398438e-01
   6.3943862915039063e-01
   6.4039230346679688e-01
   6.4134597778320313e-01
   6.4229965209960938e-01
   6.4325332641601563e-01
   6.4420700073242188e-01
   6.4516067504882813e-01
   6.4611434936523438e-01
   6.4706802368164063e-01
   6.4802169799804688e-01
   6.4897537231445313e-01
   6.4992904663085938e-01
   6.5088272094726563e-01
   6.5183639526367188e-01
   6.5279006958007813e-01
   6.5374374389648438e-01
   6.5469741821289063e-01
   6.5565109252929688e-01
   6.5660476684570313e-01
   6.5755844116210938e-01
   6.5851211547851563e-01
   6.5946578979492188e-01
   6.6041946411132813e-01
   6.6137313842773438e-01
   6.6232681274414063e-01
   6.6328048706054688e-01
   6.6423416137695313e-01
   6.6518783569335938e-01
   6.6614151000976563e-01
   6.6709518432617188e-01
   6.6804885864257813e-01
   6.6900253295898438e-01
   6.6995620727539063e-01
   6.7090988159179688e-01
   6.7186355590820313e-01
   6.7281723022460938e-01
   6.7377090454101563e-01
   6.7472457885742188e-01
   6.7567825317382813e-01
   6.7663192749023438e-01
   6.7758560180664063e-01
   6.7853927612304688e-01
   6.7949295043945313e-01
   6.8044662475585938e-01
   6.8140029907226563e-01
   6.8235397338867188e-01
   6.8330764770507813e-01
   6.8426132202148438e-01
   6.8521499633789063e-01
   6.8616867065429688e-01
   6.8712234497070313e-01
   6.8807601928710938e-01
   6.8902969360351563e-01
   6.8998336791992188e-01
   6.9093704223632813e-01
   6.9189071655273438e-01
   6.9284439086914063e-01
   6.9379806518554688e-01
   6.9475173950195313e-01
   6.9570541381835938e-01
   6.9665908813476563e-01
   6.9761276245117188e-01
   6.9856643676757813e-01
   6.9952011108398438e-01
   7.0047378540039063e-01
   7.0142745971679688e-01
   7.0238113403320313e-01
   7.0333480834960938e-01
   7.0428848266601563e-01
   7.0524215698242188e-01
   7.0619583129882813e-01
   7.0714950561523438e-01
   7.0810317993164063e-01
   7.0905685424804688e-01
   7.1001052856445313e-01
   7.1096420288085938e-01
   7.1191787719726563e-01
   7.1287155151367188e-01
   7.1382522583007813e-01
   7.1477890014648438e-01
   7.1573257446289063e-01
   7.1668624877929688e-01
   7.1763992309570313e-01
   7.1859359741210938e-01
   7.1954727172851563e-01
   7.2050094604492188e-01
   7.2145462036132813e-01
   7.2240829467773438e-01
   7.2336196899414063e-01
   7.2431564331054688e-01
   7.2526931762695313e-01
   7.2622299194335938e-01
   7.2717666625976563e-01
   7.2813034057617188e-01
   7.2908401489257813e-01
   7.3003768920898438e-01
   7.3099136352539063e-01
   7.3194503784179688e-01
   7.3289871215820313e-01
   7.3385238647460938e-01
   7.3480606079101563e-01
   7.3575973510742188e-01
   7.3671340942382813e-01
   7.3766708374023438e-01
   7.3862075805664063e-01
   7.3957443237304688e-01
   7.4052810668945313e-01
   7.4148178100585938e-01
   7.4243545532226563e-01
   7.4338912963867188e-01
   7.4434280395507813e-01
   7.4529647827148438e-01
   7.4625015258789063e-01
   7.4720382690429688e-01
   7.4815750122070313e-01
   7.4911117553710938e-01
   7.5006484985351563e-01
   7.5101852416992188e-01
   7.5197219848632813e-01
   7.5292587280273438e-01
   7.5387954711914063e-01
   7.5483322143554688e-01
   7.5578689575195313e-01
   7.5674057006835938e-01
   7.5769424438476563e-01
   7.5864791870117188e-01
   7.5960159301757813e-01
   7.6055526733398438e-01
   7.6150894165039063e-01
   7.6246261596679688e-01
   7.6341629028320313e-01
   7.6436996459960938e-01
   7.6532363891601563e-01
   7.6627731323242188e-01
   7.6723098754882813e-01
   7.6818466186523438e-01
   7.6913833618164063e-01
   7.7009201049804688e-01
   7.7104568481445313e-01
   7.7199935913085938e-01
   7.7295303344726563e-01
   7.7390670776367188e-01
   7.7486038208007813e-01
   7.7581405639648438e-01
   7.7676773071289063e-01
   7.7772140502929688e-01
   7.7867507934570313e-01
   7.7962875366210938e-01
   7.8058242797851563e-01
   7.8153610229492188e-01
   7.8248977661132813e-01
   7.8344345092773438e-01
   7.8439712524414063e-01
   7.8535079956054688e-01
   7.8630447387695313e-01
   7.8725814819335938e-01
   7.8821182250976563e-01
   7.8916549682617188e-01
   7.9011917114257813e-01
   7.9107284545898438e-01
   7.9202651977539063e-01
   7.9298019409179688e-01
   7.9393386840820313e-01
   7.9488754272460938e-01
   7.9584121704101563e-01
   7.9679489135742188e-01
   7.9774856567382813e-01
   7.9870223999023438e-01
   7.9965591430664063e-01
   8.0060958862304688e-01
   8.0156326293945313e-01
   8.0251693725585938e-01
   8.0347061157226563e-01
   8.0442428588867188e-01
   8.0537796020507813e-01
   8.0633163452148438e-01
   8.0728530883789063e-01
   8.0823898315429688e-01
   8.0919265747070313e-01
   8.1014633178710938e-01
   8.1110000610351563e-01
   8.1205368041992188e-01
   8.1300735473632813e-01
   8.1396102905273438e-01
   8.1491470336914063e-01
   8.1586837768554688e-01
   8.1682205200195313e-01
   8.1777572631835938e-01
   8.1872940063476563e-01
   8.1968307495117188e-01
   8.2063674926757813e-01
   8.2159042358398438e-01
   8.2254409790039063e-01
   8.2349777221679688e-01
   8.2445144653320313e-01
   8.2540512084960938e-01
   8.2635879516601563e-01
   8.2731246948242188e-01
   8.2826614379882813e-01
   8.2921981811523438e-01
   8.3017349243164063e-01
   8.3112716674804688e-01
   8.3208084106445313e-01
   8.3303451538085938e-01
   8.3398818969726563e-01
   8.3494186401367188e-01
   8.3589553833007813e-01
   8.3684921264648438e-01
   8.3780288696289063e-01
   8.3875656127929688e-01
   8.3971023559570313e-01
   8.4066390991210938e-01
   8.4161758422851563e-01
   8.4257125854492188e-01
   8.4352493286132813e-01
   8.4447860717773438e-01
   8.4543228149414063e-01
   8.4638595581054688e-01
   8.4733963012695313e-01
   8.4829330444335938e-01
   8.4924697875976563e-01
   8.5020065307617188e-01
   8.5115432739257813e-01
   8.5210800170898438e-01
   8.5306167602539063e-01
   8.5401535034179688e-01
   8.5496902465820313e-01
   8.5592269897460938e-01
   8.5687637329101563e-01
   8.5783004760742188e-01
   8.5878372192382813e-01
   8.5973739624023438e-01
   8.6069107055664063e-01
   8.6164474487304688e-01
   8.6259841918945313e-01
   8.6355209350585938e-01
   8.6450576782226563e-01
   8.6545944213867188e-01
   8.6641311645507813e-01
   8.6736679077148438e-01
   8.6832046508789063e-01
   8.6927413940429688e-01
   8.7022781372070313e-01
   8.7118148803710938e-01
   8.7213516235351563e-01
   8.7308883666992188e-01
   8.7404251098632813e-01
   8.7499618530273438e-01
   8.7594985961914063e-01
   8.7690353393554688e-01
   8.7785720825195313e-01
   8.7881088256835938e-01
   8.7976455688476563e-01
   8.8071823120117188e-01
   8.8167190551757813e-01
   8.8262557983398438e-01
   8.8357925415039063e-01
   8.8453292846679688e-01
   8.8548660278320313e-01
   8.8644027709960938e-01
   8.8739395141601563e-01
   8.8834762573242188e-01
   8.8930130004882813e-01
   8.9025497436523438e-01
   8.9120864868164063e-01
   8.9216232299804688e-01
   8.9311599731445313e-01
   8.9406967163085938e-01
   8.9502334594726563e-01
   8.9597702026367188e-01
   8.9693069458007813e-01
   8.9788436889648438e-01
   8.9883804321289063e-01
   8.9979171752929688e-01
   9.0074539184570313e-01
   9.0169906616210938e-01
   9.0265274047851563e-01
   9.0360641479492188e-01
   9.0456008911132813e-01
   9.0551376342773438e-01
   9.0646743774414063e-01
   9.0742111206054688e-01
   9.0837478637695313e-01
   9.0932846069335938e-01
   9.1028213500976563e-01
   9.1123580932617188e-01
   9.1218948364257813e-01
   9.1314315795898438e-01
   9.1409683227539063e-01
   9.1505050659179688e-01
   9.1600418090820313e-01
   9.1695785522460938e-01
   9.1791152954101563e-01
   9.1886520385742188e-01
   9.1981887817382813e-01
   9.2077255249023438e-01
   9.2172622680664063e-01
   9.2267990112304688e-01
   9.2363357543945313e-01
   9.2458724975585938e-01
   9.2554092407226563e-01
   9.2649459838867188e-01
   9.2744827270507813e-01
   9.2840194702148438e-01
   9.2935562133789063e-01
   9.3030929565429688e-01
   9.3126296997070313e-01
   9.3221664428710938e-01
   9.3317031860351563e-01
   9.3412399291992188e-01
   9.3507766723632813e-01
   9.3603134155273438e-01
   9.3698501586914063e-01
   9.3793869018554688e-01
   9.3889236450195313e-01
   9.3984603881835938e-01
   9.4079971313476563e-01
   9.4175338745117188e-01
   9.4270706176757813e-01
   9.4366073608398438e-01
   9.4461441040039063e-01
   9.4556808471679688e-01
   9.4652175903320313e-01
   9.4747543334960938e-01
   9.4842910766601563e-01
   9.4938278198242188e-01
   9.5033645629882813e-01
   9.5129013061523438e-01
   9.5224380493164063e-01
   9.5319747924804688e-01
   9.5415115356445313e-01
   9.5510482788085938e-01
   9.5605850219726563e-01
   9.5701217651367188e-01
   9.5796585083007813e-01
   9.5891952514648438e-01
   9.5987319946289063e-01
   9.6082687377929688e-01
   9.6178054809570313e-01
   9.6273422241210938e-01
   9.6368789672851563e-01
   9.6464157104492188e-01
   9.6559524536132813e-01
   9.6654891967773438e-01
   9.6750259399414063e-01
   9.6845626831054688e-01
   9.6940994262695313e-01
   9.7036361694335938e-01
   9.7131729125976563e-01
   9.7227096557617188e-01
   9.7322463989257813e-01
   9.7417831420898438e-01
   9.7513198852539063e-01
   9.7608566284179688e-01
   9.7703933715820313e-01
   9.7799301147460938e-01
   9.7894668579101563e-01
   9.7990036010742188e-01
   9.8085403442382813e-01
   9.8180770874023438e-01
   9.8276138305664063e-01
   9.8371505737304688e-01
   9.8466873168945313e-01
   9.8562240600585938e-01
   9.8657608032226563e-01
   9.8752975463867188e-01
   9.8848342895507813e-01
   9.8943710327148438e-01
   9.9039077758789063e-01
   9.9134445190429688e-01
   9.9229812622070313e-01
   9.9325180053710938e-01
   9.9420547485351563e-01
   9.9515914916992188e-01
   9.9611282348632813e-01
   9.9706649780273438e-01
   9.9802017211914063e-01
   9.9897384643554688e-01
   9.9992752075195313e-01
   1.0008811950683594e+00
   1.0018348693847656e+00
   1.0027885437011719e+00
   1.0037422180175781e+00
   1.0046958923339844e+00
   1.0056495666503906e+00
   1.0066032409667969e+00
   1.0075569152832031e+00
   1.0085105895996094e+00
   1.0094642639160156e+00
   1.0104179382324219e+00
   1.0113716125488281e+00
   1.0123252868652344e+00
   1.0132789611816406e+00
   1.0142326354980469e+00
   1.0151863098144531e+00
   1.0161399841308594e+00
   1.0170936584472656e+00
   1.0180473327636719e+00
   1.0190010070800781e+00
   1.0199546813964844e+00
   1.0209083557128906e+00
   1.0218620300292969e+00
   1.0228157043457031e+00
   1.0237693786621094e+00
   1.0247230529785156e+00
   1.0256767272949219e+00
   1.0266304016113281e+00
   1.0275840759277344e+00
   1.0285377502441406e+00
   1.0294914245605469e+00
   1.0304450988769531e+00
   1.0313987731933594e+00
   1.0323524475097656e+00
   1.0333061218261719e+00
   1.0342597961425781e+00
   1.0352134704589844e+00
   1.0361671447753906e+00
   1.0371208190917969e+00
   1.0380744934082031e+00
   1.0390281677246094e+00
   1.0399818420410156e+00
   1.0409355163574219e+00
   1.0418891906738281e+00
   1.0428428649902344e+00
   1.0437965393066406e+00
   1.0447502136230469e+00
   1.0457038879394531e+00
   1.0466575622558594e+00
   1.0476112365722656e+00
   1.0485649108886719e+00
   1.0495185852050781e+00
   1.0504722595214844e+00
   1.0514259338378906e+00
   1.0523796081542969e+00
   1.0533332824707031e+00
   1.0542869567871094e+00
   1.0552406311035156e+00
   1.0561943054199219e+00
   1.0571479797363281e+00
   1.0581016540527344e+00
   1.0590553283691406e+00
   1.0600090026855469e+00
   1.0609626770019531e+00
   1.0619163513183594e+00
   1.0628700256347656e+00
   1.0638236999511719e+00
   1.0647773742675781e+00
   1.0657310485839844e+00
   1.0666847229003906e+00
   1.0676383972167969e+00
   1.0685920715332031e+00
   1.0695457458496094e+00
   1.0704994201660156e+00
   1.0714530944824219e+00
   1.0724067687988281e+00
   1.0733604431152344e+00
   1.0743141174316406e+00
   1.0752677917480469e+00
   1.0762214660644531e+00
   1.0771751403808594e+00
   1.0781288146972656e+00
   1.0790824890136719e+00
   1.0800361633300781e+00
   1.0809898376464844e+00
   1.0819435119628906e+00
   1.0828971862792969e+00
   1.0838508605957031e+00
   1.0848045349121094e+00
   1.0857582092285156e+00
   1.0867118835449219e+00
   1.0876655578613281e+00
   1.0886192321777344e+00
   1.0895729064941406e+00
   1.0905265808105469e+00
   1.0914802551269531e+00
   1.0924339294433594e+00
   1.0933876037597656e+00
   1.0943412780761719e+00
   1.0952949523925781e+00
   1.0962486267089844e+00
   1.0972023010253906e+00
   1.0981559753417969e+00
   1.0991096496582031e+00
   1.1000633239746094e+00
   1.1010169982910156e+00
   1.1019706726074219e+00
   1.1029243469238281e+00
   1.1038780212402344e+00
   1.1048316955566406e+00
   1.1057853698730469e+00
   1.1067390441894531e+00
   1.1076927185058594e+00
   1.1086463928222656e+00
   1.1096000671386719e+00
   1.1105537414550781e+00
   1.1115074157714844e+00
   1.1124610900878906e+00
   1.1134147644042969e+00
   1.1143684387207031e+00
   1.1153221130371094e+00
   1.1162757873535156e+00
   1.1172294616699219e+00
   1.1181831359863281e+00
   1.1191368103027344e+00
   1.1200904846191406e+00
   1.1210441589355469e+00
   1.1219978332519531e+00
   1.1229515075683594e+00
   1.1239051818847656e+00
   1.1248588562011719e+00
   1.1258125305175781e+00
   1.1267662048339844e+00
   1.1277198791503906e+00
   1.1286735534667969e+00
   1.1296272277832031e+00
   1.1305809020996094e+00
   1.1315345764160156e+00
   1.1324882507324219e+00
   1.1334419250488281e+00
   1.1343955993652344e+00
   1.1353492736816406e+00
   1.1363029479980469e+00
   1.1372566223144531e+00
   1.1382102966308594e+00
   1.1391639709472656e+00
   1.1401176452636719e+00
   1.1410713195800781e+00
   1.1420249938964844e+00
   1.1429786682128906e+00
   1.1439323425292969e+00
   1.1448860168457031e+00
   1.1458396911621094e+00
   1.1467933654785156e+00
   1.1477470397949219e+00
   1.1487007141113281e+00
   1.1496543884277344e+00
   1.1506080627441406e+00
   1.1515617370605469e+00
   1.1525154113769531e+00
   1.1534690856933594e+00
   1.1544227600097656e+00
   1.1553764343261719e+00
   1.1563301086425781e+00
   1.1572837829589844e+00
   1.1582374572753906e+00
   1.1591911315917969e+00
   1.1601448059082031e+00
   1.1610984802246094e+00
   1.1620521545410156e+00
   1.1630058288574219e+00
   1.1639595031738281e+00
   1.1649131774902344e+00
   1.1658668518066406e+00
   1.1668205261230469e+00
   1.1677742004394531e+00
   1.1687278747558594e+00
   1.1696815490722656e+00
   1.1706352233886719e+00
   1.1715888977050781e+00
   1.1725425720214844e+00
   1.1734962463378906e+00
   1.1744499206542969e+00
   1.1754035949707031e+00
   1.1763572692871094e+00
   1.1773109436035156e+00
   1.1782646179199219e+00
   1.1792182922363281e+00
   1.1801719665527344e+00
   1.1811256408691406e+00
   1.1820793151855469e+00
   1.1830329895019531e+00
   1.1839866638183594e+00
   1.1849403381347656e+00
   1.1858940124511719e+00
   1.1868476867675781e+00
   1.1878013610839844e+00
   1.1887550354003906e+00
   1.1897087097167969e+00
   1.1906623840332031e+00
   1.1916160583496094e+00
   1.1925697326660156e+00
   1.1935234069824219e+00
   1.1944770812988281e+00
   1.1954307556152344e+00
   1.1963844299316406e+00
   1.1973381042480469e+00
   1.1982917785644531e+00
   1.1992454528808594e+00
   1.2001991271972656e+00
   1.2011528015136719e+00
   1.2021064758300781e+00
   1.2030601501464844e+00
   1.2040138244628906e+00
   1.2049674987792969e+00
   1.2059211730957031e+00
   1.2068748474121094e+00
   1.2078285217285156e+00
   1.2087821960449219e+00
   1.2097358703613281e+00
   1.2106895446777344e+00
   1.2116432189941406e+00
   1.2125968933105469e+00
   1.2135505676269531e+00
   1.2145042419433594e+00
   1.2154579162597656e+00
   1.2164115905761719e+00
   1.2173652648925781e+00
   1.2183189392089844e+00
   1.2192726135253906e+00
   1.2202262878417969e+00
   1.2211799621582031e+00
   1.2221336364746094e+00
   1.2230873107910156e+00
   1.2240409851074219e+00
   1.2249946594238281e+00
   1.2259483337402344e+00
   1.2269020080566406e+00
   1.2278556823730469e+00
   1.2288093566894531e+00
   1.2297630310058594e+00
   1.2307167053222656e+00
   1.2316703796386719e+00
   1.2326240539550781e+00
   1.2335777282714844e+00
   1.2345314025878906e+00
   1.2354850769042969e+00
   1.2364387512207031e+00
   1.2373924255371094e+00
   1.2383460998535156e+00
   1.2392997741699219e+00
   1.2402534484863281e+00
   1.2412071228027344e+00
   1.2421607971191406e+00
   1.2431144714355469e+00
   1.2440681457519531e+00
   1.2450218200683594e+00
   1.2459754943847656e+00
   1.2469291687011719e+00
   1.2478828430175781e+00
   1.2488365173339844e+00
   1.2497901916503906e+00
   1.2507438659667969e+00
   1.2516975402832031e+00
   1.2526512145996094e+00
   1.2536048889160156e+00
   1.2545585632324219e+00
   1.2555122375488281e+00
   1.2564659118652344e+00
   1.2574195861816406e+00
   1.2583732604980469e+00
   1.2593269348144531e+00
   1.2602806091308594e+00
   1.2612342834472656e+00
   1.2621879577636719e+00
   1.2631416320800781e+00
   1.2640953063964844e+00
   1.2650489807128906e+00
   1.2660026550292969e+00
   1.2669563293457031e+00
   1.2679100036621094e+00
   1.2688636779785156e+00
   1.2698173522949219e+00
   1.2707710266113281e+00
   1.2717247009277344e+00
   1.2726783752441406e+00
   1.2736320495605469e+00
   1.2745857238769531e+00
   1.2755393981933594e+00
   1.2764930725097656e+00
   1.2774467468261719e+00
   1.2784004211425781e+00
   1.2793540954589844e+00
   1.2803077697753906e+00
   1.2812614440917969e+00
   1.2822151184082031e+00
   1.2831687927246094e+00
   1.2841224670410156e+00
   1.2850761413574219e+00
   1.2860298156738281e+00
   1.2869834899902344e+00
   1.2879371643066406e+00
   1.2888908386230469e+00
   1.2898445129394531e+00
   1.2907981872558594e+00
   1.2917518615722656e+00
   1.2927055358886719e+00
   1.2936592102050781e+00
   1.2946128845214844e+00
   1.2955665588378906e+00
   1.2965202331542969e+00
   1.2974739074707031e+00
   1.2984275817871094e+00
   1.2993812561035156e+00
   1.3003349304199219e+00
   1.3012886047363281e+00
   1.3022422790527344e+00
   1.3031959533691406e+00
   1.3041496276855469e+00
   1.3051033020019531e+00
   1.3060569763183594e+00
   1.3070106506347656e+00
   1.3079643249511719e+00
   1.3089179992675781e+00
   1.3098716735839844e+00
   1.3108253479003906e+00
   1.3117790222167969e+00
   1.3127326965332031e+00
   1.3136863708496094e+00
   1.3146400451660156e+00
   1.3155937194824219e+00
   1.3165473937988281e+00
   1.3175010681152344e+00
   1.3184547424316406e+00
   1.3194084167480469e+00
   1.3203620910644531e+00
   1.3213157653808594e+00
   1.3222694396972656e+00
   1.3232231140136719e+00
   1.3241767883300781e+00
   1.3251304626464844e+00
   1.3260841369628906e+00
   1.3270378112792969e+00
   1.3279914855957031e+00
   1.3289451599121094e+00
   1.3298988342285156e+00
   1.3308525085449219e+00
   1.3318061828613281e+00
   1.3327598571777344e+00
   1.3337135314941406e+00
   1.3346672058105469e+00
   1.3356208801269531e+00
   1.3365745544433594e+00
   1.3375282287597656e+00
   1.3384819030761719e+00
   1.3394355773925781e+00
   1.3403892517089844e+00
   1.3413429260253906e+00
   1.3422966003417969e+00
   1.3432502746582031e+00
   1.3442039489746094e+00
   1.3451576232910156e+00
   1.3461112976074219e+00
   1.3470649719238281e+00
   1.3480186462402344e+00
   1.3489723205566406e+00
   1.3499259948730469e+00
   1.3508796691894531e+00
   1.3518333435058594e+00
   1.3527870178222656e+00
   1.3537406921386719e+00
   1.3546943664550781e+00
   1.3556480407714844e+00
   1.3566017150878906e+00
   1.3575553894042969e+00
   1.3585090637207031e+00
   1.3594627380371094e+00
   1.3604164123535156e+00
   1.3613700866699219e+00
   1.3623237609863281e+00
   1.3632774353027344e+00
   1.3642311096191406e+00
   1.3651847839355469e+00
   1.3661384582519531e+00
   1.3670921325683594e+00
   1.3680458068847656e+00
   1.3689994812011719e+00
   1.3699531555175781e+00
   1.3709068298339844e+00
   1.3718605041503906e+00
   1.3728141784667969e+00
   1.3737678527832031e+00
   1.3747215270996094e+00
   1.3756752014160156e+00
   1.3766288757324219e+00
   1.3775825500488281e+00
   1.3785362243652344e+00
   1.3794898986816406e+00
   1.3804435729980469e+00
   1.3813972473144531e+00
   1.3823509216308594e+00
   1.3833045959472656e+00
   1.3842582702636719e+00
   1.3852119445800781e+00
   1.3861656188964844e+00
   1.3871192932128906e+00
   1.3880729675292969e+00
   1.3890266418457031e+00
   1.3899803161621094e+00
   1.3909339904785156e+00
   1.3918876647949219e+00
   1.3928413391113281e+00
   1.3937950134277344e+00
   1.3947486877441406e+00
   1.3957023620605469e+00
   1.3966560363769531e+00
   1.3976097106933594e+00
   1.3985633850097656e+00
   1.3995170593261719e+00
   1.4004707336425781e+00
   1.4014244079589844e+00
   1.4023780822753906e+00
   1.4033317565917969e+00
   1.4042854309082031e+00
   1.4052391052246094e+00
   1.4061927795410156e+00
   1.4071464538574219e+00
   1.4081001281738281e+00
   1.4090538024902344e+00
   1.4100074768066406e+00
   1.4109611511230469e+00
   1.4119148254394531e+00
   1.4128684997558594e+00
   1.4138221740722656e+00
   1.4147758483886719e+00
   1.4157295227050781e+00
   1.4166831970214844e+00
   1.4176368713378906e+00
   1.4185905456542969e+00
   1.4195442199707031e+00
   1.4204978942871094e+00
   1.4214515686035156e+00
   1.4224052429199219e+00
   1.4233589172363281e+00
   1.4243125915527344e+00
   1.4252662658691406e+00
   1.4262199401855469e+00
   1.4271736145019531e+00
   1.4281272888183594e+00
   1.4290809631347656e+00
   1.4300346374511719e+00
   1.4309883117675781e+00
   1.4319419860839844e+00
   1.4328956604003906e+00
   1.4338493347167969e+00
   1.4348030090332031e+00
   1.4357566833496094e+00
   1.4367103576660156e+00
   1.4376640319824219e+00
   1.4386177062988281e+00
   1.4395713806152344e+00
   1.4405250549316406e+00
   1.4414787292480469e+00
   1.4424324035644531e+00
   1.4433860778808594e+00
   1.4443397521972656e+00
   1.4452934265136719e+00
   1.4462471008300781e+00
   1.4472007751464844e+00
   1.4481544494628906e+00
   1.4491081237792969e+00
   1.4500617980957031e+00
   1.4510154724121094e+00
   1.4519691467285156e+00
   1.4529228210449219e+00
   1.4538764953613281e+00
   1.4548301696777344e+00
   1.4557838439941406e+00
   1.4567375183105469e+00
   1.4576911926269531e+00
   1.4586448669433594e+00
   1.4595985412597656e+00
   1.4605522155761719e+00
   1.4615058898925781e+00
   1.4624595642089844e+00
   1.4634132385253906e+00
   1.4643669128417969e+00
   1.4653205871582031e+00
   1.4662742614746094e+00
   1.4672279357910156e+00
   1.4681816101074219e+00
   1.4691352844238281e+00
   1.4700889587402344e+00
   1.4710426330566406e+00
   1.4719963073730469e+00
   1.4729499816894531e+00
   1.4739036560058594e+00
   1.4748573303222656e+00
   1.4758110046386719e+00
   1.4767646789550781e+00
   1.4777183532714844e+00
   1.4786720275878906e+00
   1.4796257019042969e+00
   1.4805793762207031e+00
   1.4815330505371094e+00
   1.4824867248535156e+00
   1.4834403991699219e+00
   1.4843940734863281e+00
   1.4853477478027344e+00
   1.4863014221191406e+00
   1.4872550964355469e+00
   1.4882087707519531e+00
   1.4891624450683594e+00
   1.4901161193847656e+00
   1.4910697937011719e+00
   1.4920234680175781e+00
   1.4929771423339844e+00
   1.4939308166503906e+00
   1.4948844909667969e+00
   1.4958381652832031e+00
   1.4967918395996094e+00
   1.4977455139160156e+00
   1.4986991882324219e+00
   1.4996528625488281e+00
   1.5006065368652344e+00
   1.5015602111816406e+00
   1.5025138854980469e+00
   1.5034675598144531e+00
   1.5044212341308594e+00
   1.5053749084472656e+00
   1.5063285827636719e+00
   1.5072822570800781e+00
   1.5082359313964844e+00
   1.5091896057128906e+00
   1.5101432800292969e+00
   1.5110969543457031e+00
   1.5120506286621094e+00
   1.5130043029785156e+00
   1.5139579772949219e+00
   1.5149116516113281e+00
   1.5158653259277344e+00
   1.5168190002441406e+00
   1.5177726745605469e+00
   1.5187263488769531e+00
   1.5196800231933594e+00
   1.5206336975097656e+00
   1.5215873718261719e+00
   1.5225410461425781e+00
   1.5234947204589844e+00
   1.5244483947753906e+00
   1.5254020690917969e+00
   1.5263557434082031e+00
   1.5273094177246094e+00
   1.5282630920410156e+00
   1.5292167663574219e+00
   1.5301704406738281e+00
   1.5311241149902344e+00
   1.5320777893066406e+00
   1.5330314636230469e+00
   1.5339851379394531e+00
   1.5349388122558594e+00
   1.5358924865722656e+00
   1.5368461608886719e+00
   1.5377998352050781e+00
   1.5387535095214844e+00
   1.5397071838378906e+00
   1.5406608581542969e+00
   1.5416145324707031e+00
   1.5425682067871094e+00
   1.5435218811035156e+00
   1.5444755554199219e+00
   1.5454292297363281e+00
   1.5463829040527344e+00
   1.5473365783691406e+00
   1.5482902526855469e+00
   1.5492439270019531e+00
   1.5501976013183594e+00
   1.5511512756347656e+00
   1.5521049499511719e+00
   1.5530586242675781e+00
   1.5540122985839844e+00
   1.5549659729003906e+00
   1.5559196472167969e+00
   1.5568733215332031e+00
   1.5578269958496094e+00
   1.5587806701660156e+00
   1.5597343444824219e+00
   1.5606880187988281e+00
   1.5616416931152344e+00
   1.5625953674316406e+00
   1.5635490417480469e+00
   1.5645027160644531e+00
   1.5654563903808594e+00
   1.5664100646972656e+00
   1.5673637390136719e+00
   1.5683174133300781e+00
   1.5692710876464844e+00
   1.5702247619628906e+00
   1.5711784362792969e+00
   1.5721321105957031e+00
   1.5730857849121094e+00
   1.5740394592285156e+00
   1.5749931335449219e+00
   1.5759468078613281e+00
   1.5769004821777344e+00
   1.5778541564941406e+00
   1.5788078308105469e+00
   1.5797615051269531e+00
   1.5807151794433594e+00
   1.5816688537597656e+00
   1.5826225280761719e+00
   1.5835762023925781e+00
   1.5845298767089844e+00
   1.5854835510253906e+00
   1.5864372253417969e+00
   1.5873908996582031e+00
   1.5883445739746094e+00
   1.5892982482910156e+00
   1.5902519226074219e+00
   1.5912055969238281e+00
   1.5921592712402344e+00
   1.5931129455566406e+00
   1.5940666198730469e+00
   1.5950202941894531e+00
   1.5959739685058594e+00
   1.5969276428222656e+00
   1.5978813171386719e+00
   1.5988349914550781e+00
   1.5997886657714844e+00
   1.6007423400878906e+00
   1.6016960144042969e+00
   1.6026496887207031e+00
   1.6036033630371094e+00
   1.6045570373535156e+00
   1.6055107116699219e+00
   1.6064643859863281e+00
   1.6074180603027344e+00
   1.6083717346191406e+00
   1.6093254089355469e+00
   1.6102790832519531e+00
   1.6112327575683594e+00
   1.6121864318847656e+00
   1.6131401062011719e+00
   1.6140937805175781e+00
   1.6150474548339844e+00
   1.6160011291503906e+00
   1.6169548034667969e+00
   1.6179084777832031e+00
   1.6188621520996094e+00
   1.6198158264160156e+00
   1.6207695007324219e+00
   1.6217231750488281e+00
   1.6226768493652344e+00
   1.6236305236816406e+00
   1.6245841979980469e+00
   1.6255378723144531e+00
   1.6264915466308594e+00
   1.6274452209472656e+00
   1.6283988952636719e+00
   1.6293525695800781e+00
   1.6303062438964844e+00
   1.6312599182128906e+00
   1.6322135925292969e+00
   1.6331672668457031e+00
   1.6341209411621094e+00
   1.6350746154785156e+00
   1.6360282897949219e+00
   1.6369819641113281e+00
   1.6379356384277344e+00
   1.6388893127441406e+00
   1.6398429870605469e+00
   1.6407966613769531e+00
   1.6417503356933594e+00
   1.6427040100097656e+00
   1.6436576843261719e+00
   1.6446113586425781e+00
   1.6455650329589844e+00
   1.6465187072753906e+00
   1.6474723815917969e+00
   1.6484260559082031e+00
   1.6493797302246094e+00
   1.6503334045410156e+00
   1.6512870788574219e+00
   1.6522407531738281e+00
   1.6531944274902344e+00
   1.6541481018066406e+00
   1.6551017761230469e+00
   1.6560554504394531e+00
   1.6570091247558594e+00
   1.6579627990722656e+00
   1.6589164733886719e+00
   1.6598701477050781e+00
   1.6608238220214844e+00
   1.6617774963378906e+00
   1.6627311706542969e+00
   1.6636848449707031e+00
   1.6646385192871094e+00
   1.6655921936035156e+00
   1.6665458679199219e+00
   1.6674995422363281e+00
   1.6684532165527344e+00
   1.6694068908691406e+00
   1.6703605651855469e+00
   1.6713142395019531e+00
   1.6722679138183594e+00
   1.6732215881347656e+00
   1.6741752624511719e+00
   1.6751289367675781e+00
   1.6760826110839844e+00
   1.6770362854003906e+00
   1.6779899597167969e+00
   1.6789436340332031e+00
   1.6798973083496094e+00
   1.6808509826660156e+00
   1.6818046569824219e+00
   1.6827583312988281e+00
   1.6837120056152344e+00
   1.6846656799316406e+00
   1.6856193542480469e+00
   1.6865730285644531e+00
   1.6875267028808594e+00
   1.6884803771972656e+00
   1.6894340515136719e+00
   1.6903877258300781e+00
   1.6913414001464844e+00
   1.6922950744628906e+00
   1.6932487487792969e+00
   1.6942024230957031e+00
   1.6951560974121094e+00
   1.6961097717285156e+00
   1.6970634460449219e+00
   1.6980171203613281e+00
   1.6989707946777344e+00
   1.6999244689941406e+00
   1.7008781433105469e+00
   1.7018318176269531e+00
   1.7027854919433594e+00
   1.7037391662597656e+00
   1.7046928405761719e+00
   1.7056465148925781e+00
   1.7066001892089844e+00
   1.7075538635253906e+00
   1.7085075378417969e+00
   1.7094612121582031e+00
   1.7104148864746094e+00
   1.7113685607910156e+00
   1.7123222351074219e+00
   1.7132759094238281e+00
   1.7142295837402344e+00
   1.7151832580566406e+00
   1.7161369323730469e+00
   1.7170906066894531e+00
   1.7180442810058594e+00
   1.7189979553222656e+00
   1.7199516296386719e+00
   1.7209053039550781e+00
   1.7218589782714844e+00
   1.7228126525878906e+00
   1.7237663269042969e+00
   1.7247200012207031e+00
   1.7256736755371094e+00
   1.7266273498535156e+00
   1.7275810241699219e+00
   1.7285346984863281e+00
   1.7294883728027344e+00
   1.7304420471191406e+00
   1.7313957214355469e+00
   1.7323493957519531e+00
   1.7333030700683594e+00
   1.7342567443847656e+00
   1.7352104187011719e+00
   1.7361640930175781e+00
   1.7371177673339844e+00
   1.7380714416503906e+00
   1.7390251159667969e+00
   1.7399787902832031e+00
   1.7409324645996094e+00
   1.7418861389160156e+00
   1.7428398132324219e+00
   1.7437934875488281e+00
   1.7447471618652344e+00
   1.7457008361816406e+00
   1.7466545104980469e+00
   1.7476081848144531e+00
   1.7485618591308594e+00
   1.7495155334472656e+00
   1.7504692077636719e+00
   1.7514228820800781e+00
   1.7523765563964844e+00
   1.7533302307128906e+00
   1.7542839050292969e+00
   1.7552375793457031e+00
   1.7561912536621094e+00
   1.7571449279785156e+00
   1.7580986022949219e+00
   1.7590522766113281e+00
   1.7600059509277344e+00
   1.7609596252441406e+00
   1.7619132995605469e+00
   1.7628669738769531e+00
   1.7638206481933594e+00
   1.7647743225097656e+00
   1.7657279968261719e+00
   1.7666816711425781e+00
   1.7676353454589844e+00
   1.7685890197753906e+00
   1.7695426940917969e+00
   1.7704963684082031e+00
   1.7714500427246094e+00
   1.7724037170410156e+00
   1.7733573913574219e+00
   1.7743110656738281e+00
   1.7752647399902344e+00
   1.7762184143066406e+00
   1.7771720886230469e+00
   1.7781257629394531e+00
   1.7790794372558594e+00
   1.7800331115722656e+00
   1.7809867858886719e+00
   1.7819404602050781e+00
   1.7828941345214844e+00
   1.7838478088378906e+00
   1.7848014831542969e+00
   1.7857551574707031e+00
   1.7867088317871094e+00
   1.7876625061035156e+00
   1.7886161804199219e+00
   1.7895698547363281e+00
   1.7905235290527344e+00
   1.7914772033691406e+00
   1.7924308776855469e+00
   1.7933845520019531e+00
   1.7943382263183594e+00
   1.7952919006347656e+00
   1.7962455749511719e+00
   1.7971992492675781e+00
   1.7981529235839844e+00
   1.7991065979003906e+00
   1.8000602722167969e+00
   1.8010139465332031e+00
   1.8019676208496094e+00
   1.8029212951660156e+00
   1.8038749694824219e+00
   1.8048286437988281e+00
   1.8057823181152344e+00
   1.8067359924316406e+00
   1.8076896667480469e+00
   1.8086433410644531e+00
   1.8095970153808594e+00
   1.8105506896972656e+00
   1.8115043640136719e+00
   1.8124580383300781e+00
   1.8134117126464844e+00
   1.8143653869628906e+00
   1.8153190612792969e+00
   1.8162727355957031e+00
   1.8172264099121094e+00
   1.8181800842285156e+00
   1.8191337585449219e+00
   1.8200874328613281e+00
   1.8210411071777344e+00
   1.8219947814941406e+00
   1.8229484558105469e+00
   1.8239021301269531e+00
   1.8248558044433594e+00
   1.8258094787597656e+00
   1.8267631530761719e+00
   1.8277168273925781e+00
   1.8286705017089844e+00
   1.8296241760253906e+00
   1.8305778503417969e+00
   1.8315315246582031e+00
   1.8324851989746094e+00
   1.8334388732910156e+00
   1.8343925476074219e+00
   1.8353462219238281e+00
   1.8362998962402344e+00
   1.8372535705566406e+00
   1.8382072448730469e+00
   1.8391609191894531e+00
   1.8401145935058594e+00
   1.8410682678222656e+00
   1.8420219421386719e+00
   1.8429756164550781e+00
   1.8439292907714844e+00
   1.8448829650878906e+00
   1.8458366394042969e+00
   1.8467903137207031e+00
   1.8477439880371094e+00
   1.8486976623535156e+00
   1.8496513366699219e+00
   1.8506050109863281e+00
   1.8515586853027344e+00
   1.8525123596191406e+00
   1.8534660339355469e+00
   1.8544197082519531e+00
   1.8553733825683594e+00
   1.8563270568847656e+00
   1.8572807312011719e+00
   1.8582344055175781e+00
   1.8591880798339844e+00
   1.8601417541503906e+00
   1.8610954284667969e+00
   1.8620491027832031e+00
   1.8630027770996094e+00
   1.8639564514160156e+00
   1.8649101257324219e+00
   1.8658638000488281e+00
   1.8668174743652344e+00
   1.8677711486816406e+00
   1.8687248229980469e+00
   1.8696784973144531e+00
   1.8706321716308594e+00
   1.8715858459472656e+00
   1.8725395202636719e+00
   1.8734931945800781e+00
   1.8744468688964844e+00
   1.8754005432128906e+00
   1.8763542175292969e+00
   1.8773078918457031e+00
   1.8782615661621094e+00
   1.8792152404785156e+00
   1.8801689147949219e+00
   1.8811225891113281e+00
   1.8820762634277344e+00
   1.8830299377441406e+00
   1.8839836120605469e+00
   1.8849372863769531e+00
   1.8858909606933594e+00
   1.8868446350097656e+00
   1.8877983093261719e+00
   1.8887519836425781e+00
   1.8897056579589844e+00
   1.8906593322753906e+00
   1.8916130065917969e+00
   1.8925666809082031e+00
   1.8935203552246094e+00
   1.8944740295410156e+00
   1.8954277038574219e+00
   1.8963813781738281e+00
   1.8973350524902344e+00
   1.8982887268066406e+00
   1.8992424011230469e+00
   1.9001960754394531e+00
   1.9011497497558594e+00
   1.9021034240722656e+00
   1.9030570983886719e+00
   1.9040107727050781e+00
   1.9049644470214844e+00
   1.9059181213378906e+00
   1.9068717956542969e+00
   1.9078254699707031e+00
   1.9087791442871094e+00
   1.9097328186035156e+00
   1.9106864929199219e+00
   1.9116401672363281e+00
   1.9125938415527344e+00
   1.9135475158691406e+00
   1.9145011901855469e+00
   1.9154548645019531e+00
   1.9164085388183594e+00
   1.9173622131347656e+00
   1.9183158874511719e+00
   1.9192695617675781e+00
   1.9202232360839844e+00
   1.9211769104003906e+00
   1.9221305847167969e+00
   1.9230842590332031e+00
   1.9240379333496094e+00
   1.9249916076660156e+00
   1.9259452819824219e+00
   1.9268989562988281e+00
   1.9278526306152344e+00
   1.9288063049316406e+00
   1.9297599792480469e+00
   1.9307136535644531e+00
   1.9316673278808594e+00
   1.9326210021972656e+00
   1.9335746765136719e+00
   1.9345283508300781e+00
   1.9354820251464844e+00
   1.9364356994628906e+00
   1.9373893737792969e+00
   1.9383430480957031e+00
   1.9392967224121094e+00
   1.9402503967285156e+00
   1.9412040710449219e+00
   1.9421577453613281e+00
   1.9431114196777344e+00
   1.9440650939941406e+00
   1.9450187683105469e+00
   1.9459724426269531e+00
   1.9469261169433594e+00
   1.9478797912597656e+00
   1.9488334655761719e+00
   1.9497871398925781e+00
   1.9507408142089844e+00
   1.9516944885253906e+00
   1.9526481628417969e+00
   1.9536018371582031e+00
   1.9545555114746094e+00
   1.9555091857910156e+00
   1.9564628601074219e+00
   1.9574165344238281e+00
   1.9583702087402344e+00
   1.9593238830566406e+00
   1.9602775573730469e+00
   1.9612312316894531e+00
   1.9621849060058594e+00
   1.9631385803222656e+00
   1.9640922546386719e+00
   1.9650459289550781e+00
   1.9659996032714844e+00
   1.9669532775878906e+00
   1.9679069519042969e+00
   1.9688606262207031e+00
   1.9698143005371094e+00
   1.9707679748535156e+00
   1.9717216491699219e+00
   1.9726753234863281e+00
   1.9736289978027344e+00
   1.9745826721191406e+00
   1.9755363464355469e+00
   1.9764900207519531e+00
   1.9774436950683594e+00
   1.9783973693847656e+00
   1.9793510437011719e+00
   1.9803047180175781e+00
   1.9812583923339844e+00
   1.9822120666503906e+00
   1.9831657409667969e+00
   1.9841194152832031e+00
   1.9850730895996094e+00
   1.9860267639160156e+00
   1.9869804382324219e+00
   1.9879341125488281e+00
   1.9888877868652344e+00
   1.9898414611816406e+00
   1.9907951354980469e+00
   1.9917488098144531e+00
   1.9927024841308594e+00
   1.9936561584472656e+00
   1.9946098327636719e+00
   1.9955635070800781e+00
   1.9965171813964844e+00
   1.9974708557128906e+00
   1.9984245300292969e+00
   1.9993782043457031e+00
