   1.8238467100667776e-03
   7.0950267094315664e-03
   9.9369775566073557e-04
   4.5512012501736825e-03
   1.8360943877846754e-03
   1.9896181396569985e-03
   2.8506266092520275e-03
   8.4941057344397079e-04
   3.3877158164917478e-03
   1.1377020898575886e-03
   6.0787424161471851e-03
   3.1180898051066546e-03
   5.1987006190275372e-03
   3.6155684812568768e-03
   1.4303410746867346e-03
   3.5249019800662491e-03
   3.5910585858158865e-03
   4.3393138512781504e-03
   2.3193466038991411e-03
   2.3711090328372925e-03
   3.9076363122231830e-03
   3.9672267377820290e-03
   3.9819096889253090e-05
   6.2310855116441731e-03
   3.3435547630159585e-03
   2.1003717848069431e-03
   2.4601277041830564e-03
   8.5367678879720208e-04
   7.8037433680464416e-03
   2.4618550135285344e-03
   9.0839648504385685e-03
   3.4097496059236282e-03
   4.0412692843859403e-03
   2.4355952538435794e-03
   4.7993634217947572e-03
   2.1912146890812841e-03
   6.1164394034205665e-03
   4.9192402534109260e-03
   1.1470679379561104e-03
   6.9273276373084114e-03
   6.1394076845663311e-03
   8.5332913253119459e-03
   4.0117360506520738e-03
   6.1522559737227523e-03
   4.0916960252086196e-03
   9.5998124482151272e-04
   5.3750718893277542e-03
   5.0566317424466526e-03
   9.3977796293813372e-03
   8.2189095872039122e-03
   7.2256239677885858e-03
   3.8720152912416509e-03
   5.7175312889952328e-03
   5.6332404476605556e-03
   7.3759149207527032e-03
   4.7328415050368368e-03
   1.1592585683309734e-02
   8.1187415290956914e-03
   9.2561714809103260e-03
   4.6277624680035948e-03
   1.6420156782219357e-02
   1.5460870257266624e-02
   9.3299600474368860e-03
   4.7870672055799618e-03
   8.9836566763351351e-03
   1.2021208380888257e-02
   1.5875774350789164e-02
   1.2550066832241340e-02
   1.3315470945848163e-02
   1.6046109754394879e-02
   1.2728350312561486e-02
   1.3067808736097780e-02
   1.9111580360113480e-02
   1.5235814071195675e-02
   1.4082926670831135e-02
   2.4465804946629390e-02
   1.3880058893826239e-02
   2.8743666164212912e-02
   1.2898505997104360e-02
   2.4378070116155209e-02
   1.0945765305591609e-02
   9.5609725214723974e-03
   1.9085083973545015e-02
   1.6646254424145201e-02
   1.7931493938779512e-02
   9.6858766377913869e-03
   2.6971214669143137e-02
   2.5761324760799446e-02
   1.6971152913452740e-02
   8.7871216018356388e-03
   1.7828886989636982e-02
   3.7101963624736833e-02
   1.3324112194870038e-02
   3.4245154021852818e-02
   1.4767620111100390e-02
   1.1746276522168865e-02
   4.4695791595629045e-02
   5.5109056642988583e-02
   3.0777842421938633e-02
   9.0210717848524080e-02
   3.2546832516003210e-02
   1.2960088303621102e-02
   5.6487073365913389e-02
   4.2886041811278766e-02
   3.7207029148635655e-02
   4.5177858091915726e-02
   8.5726908209928551e-02
   9.7304908897179049e-03
   5.8463781289919192e-02
   1.1971179656668293e-02
   8.1937321927412834e-02
   2.2329126824646186e-02
   4.4047168226248434e-02
   4.0283365380393996e-02
   5.8140957553380009e-02
   3.6856575436064361e-02
   5.9620105451982770e-02
   4.8067907564334177e-02
   5.1992166921001504e-02
   2.7444300460430504e-02
   3.2453770480385183e-02
   9.5366909564005078e-03
   1.0705125486623675e-02
   8.8934512814212371e-03
   2.1813063150739508e-02
   3.2890816418846128e-02
   2.3113299872473576e-02
   2.1756841985845207e-02
   4.4674893475956358e-02
   5.3906737550431126e-03
   4.5529628533511661e-02
   1.4768111117262792e-02
   3.8689314089082279e-02
   7.7508292569630323e-03
   3.9504441863768558e-02
   2.3651344719660426e-02
   2.2943758367605670e-02
   1.7827630963173698e-02
   2.9922410552106187e-02
   4.9025617461095931e-03
   2.6288767011578069e-02
   3.0244717096369327e-02
   1.9986553376402406e-02
   2.0094086666207833e-02
   2.0954204601347278e-02
   9.7082629959883860e-03
   1.4669410879187784e-02
   2.6014739637328848e-02
   2.5933192249790862e-02
   2.8348132083959969e-02
   2.0661072965498569e-02
   1.9141632347186542e-02
   1.5997133646370582e-02
   3.2941202435026427e-02
   1.8813734585924780e-02
   3.0251791166761032e-02
   2.9514561553250430e-02
   1.0317669952365773e-02
   2.0163517981542329e-02
   1.3039899791375126e-02
   1.7834201158991647e-02
   2.3905083063364339e-02
   1.1302912095352528e-02
   2.2539183891470336e-02
   8.7914457094604315e-03
   3.1426290025384704e-02
   1.2037774012093456e-02
   1.9060202602508850e-02
   1.8946424348445526e-02
   7.6566686975113379e-03
   7.8418675326887410e-03
   3.5737321777423855e-03
   4.6248392299394578e-02
   3.1516119291617913e-02
   2.4791828912560501e-02
   4.1090311273321363e-02
   3.8340539164370115e-02
   2.6811779154778979e-02
   3.0834370885746316e-02
   4.3917796032191148e-02
   7.0887132674368358e-02
   1.3756730687972013e-01
   6.8265871101953285e-02
   1.0899072141623395e-01
   5.0891933859589615e-02
   8.9129586178701443e-03
   1.0543741809449577e-02
   1.2654929950641091e-02
   2.8700488919827606e-02
   1.5292944579990322e-02
   3.5408622149258884e-02
   6.5723642990730509e-03
   1.5396676152641941e-02
   6.1625673069961124e-03
   1.8371928649274546e-02
   3.5202700589041395e-02
   1.5668719070471630e-02
   2.5585432521646453e-02
   8.8724818132901548e-02
   1.0983529868655287e-02
   2.3285276451776162e-02
   9.5124683880506988e-02
   2.4814242172287098e-02
   2.4581918493366096e-02
   3.4152053139870027e-02
   3.7357876359165584e-02
   5.7891869624829319e-02
   2.5543692501593118e-02
   2.3383131168295105e-02
   3.2965353978858698e-02
   6.0663980876501265e-03
   8.8773824136200840e-03
   7.8215006221421125e-03
   6.2028381701131020e-03
   2.5384945443420234e-02
   4.0144037550653155e-02
   1.2152427803045944e-02
   1.4728060337077927e-02
   1.6286796505031271e-03
   2.5266205801096273e-02
   3.2395901111601809e-02
   1.3407143017314223e-02
   9.7396668024547755e-03
   1.3062779325579551e-02
   3.3369555983074228e-02
   1.3917274752418137e-02
   9.5266903429211455e-03
   1.6490137849950032e-02
   1.7649909247574702e-02
   1.0141669860037384e-02
   1.0344945698643608e-02
   1.6146424374716077e-02
   3.6267963274350494e-02
   1.7651665027714911e-02
   3.5422733347330440e-02
   1.7208911003081896e-02
   1.8664526323749597e-02
   2.7590514090388988e-02
   5.0865001663429929e-02
   1.9294117400678667e-02
   5.9954873156127547e-02
   2.9452666676982389e-02
   7.2927049924057519e-02
   3.5898621108160625e-02
   3.9109128139835352e-02
   2.8629453676744361e-02
   3.5973574096875245e-02
   5.3719763950255545e-02
   6.0982256882422259e-02
   7.2664699771187918e-02
   3.6499007416216346e-02
   4.5734553257375389e-02
   9.5427217684976251e-02
   8.0073525348143298e-02
   1.0957182745428605e-01
   8.0974489379241413e-02
   2.0659649050099468e-01
   2.3978802355897522e-01
   3.3945072579020706e-02
   2.1345357838049913e-02
   5.3118295576994851e-02
   9.6095362250112712e-02
   3.1063840346133076e-02
   7.8941776324804799e-02
   1.1375780893601027e-02
   7.7991605359572155e-02
   1.4161734703284782e-02
   2.6031116798373471e-02
   2.2095897996965395e-02
   5.7636784671198447e-02
   2.2241388439643520e-02
   7.4176488120560616e-02
   9.1947256939437907e-02
   3.5663473242083438e-02
   6.8551339831846858e-02
   4.9429419169748141e-02
   2.7411558413331066e-02
   2.5543803777234846e-02
   6.7851358079883434e-02
   3.1372524617065321e-02
   4.2226422601946534e-02
   5.6111436180605580e-02
   4.9779935185488587e-02
   2.8168827709925428e-02
   4.9113231357395613e-02
   5.4175733098232572e-02
   2.5775136265323559e-02
   6.1915171428786248e-02
   3.0666543288518328e-02
   1.8771953860058442e-02
   3.4185433922049049e-02
   3.3530830173338640e-02
   1.0639723992818054e-02
   3.9731991117534365e-02
   5.1978688323472869e-02
   2.5818492694890446e-02
   6.0366719872522505e-02
   6.9343506082072986e-02
   3.6801527641780213e-02
   5.4566405102092236e-02
   8.0521452156539303e-02
   8.1210027439429774e-02
   3.9037609962133298e-02
   1.0103015009238023e-01
   7.2980802236921855e-02
   1.1910833177150729e-01
   1.8768359948190212e-02
   1.5022677697694090e-01
   2.6476359507520308e-01
   6.3535526713234602e-01
   3.1196020884036402e-01
   7.4450597085574444e-01
   1.5104804106205888e-01
   1.7442798825920788e-01
   3.1639297650747167e-01
   3.6661861124712070e-01
   1.3906524642649348e-01
   5.0264315590500264e-02
   6.0641268854633577e-02
   7.8289849130982289e-02
   9.1069546364227261e-02
   1.3306226719005769e-02
   5.9060400269400043e-02
   3.0700075617138167e-02
   4.4053132072176440e-02
   1.2682224793802696e-02
   1.4796649417925462e-02
   1.4571071332829586e-02
   3.6195431379451720e-02
   1.2386880507123230e-02
   3.9074905672112871e-03
   1.6772729525494395e-02
   2.1631545851189152e-02
   7.7151975688529240e-03
   2.4757097453102974e-02
   1.2026939262496572e-02
   3.8205259551082511e-02
   1.7294807903872625e-02
   4.1690244749743685e-02
   1.1173083931214807e-02
   4.1616622117837544e-02
   1.1495053568389238e-02
   4.9643279338184430e-02
   2.4440792100378767e-02
   1.3066130018631082e-02
   2.7308295946842556e-02
   1.1490579071330538e-02
   4.1358819700673954e-02
   2.2404433969383793e-02
   4.2659497045686619e-02
   2.8857742128008679e-02
   2.1091198829831230e-02
   5.6896162348303433e-03
   1.6038448351928750e-02
   3.7057781770059355e-02
   2.9771969343422569e-03
   4.8706197815373158e-02
   4.0066592896403359e-02
   1.7681809963885058e-02
   4.2004921712501225e-02
   3.8271960520486370e-02
   2.2685323834127826e-02
   2.9214378080129434e-02
   3.4725684580244741e-02
   3.3641956046925214e-02
   1.3771420960772565e-02
   7.1966820706059448e-02
   6.2212860042806649e-02
   2.0631359687114693e-02
   1.4782157632138329e-01
   8.2429193614843813e-02
   2.3187641144611343e-01
   9.9759851721012663e-02
   2.0021090009773382e-01
   2.5004701293787890e-01
   1.7276135588256228e-01
   9.8533117072514290e-02
   1.3199587581079728e-01
   9.3765113972557629e-02
   6.0914616680762049e-02
   4.4255776364862137e-02
   5.2629185194746353e-02
   5.4872110894056976e-02
   8.8055666149002926e-02
   4.9698994305346161e-02
   1.3568739951248618e-02
   2.4314144910246735e-02
   5.3689992352696253e-02
   2.4173262654202485e-02
   2.3089186295945512e-02
   5.6863425584489959e-02
   1.1460204678013898e-02
   2.8274165113771083e-02
   6.2721822046223230e-02
   3.3310127277639212e-02
   7.3155504865643220e-02
   1.7206195670923890e-02
   6.9527425980856788e-02
   2.9327174024425431e-02
   3.9866287968325601e-02
   5.3370166466436345e-02
   6.2081941406297643e-02
   4.9848000880055747e-02
   5.5016352781140497e-02
   4.1779432975809945e-02
   5.9543381440538452e-02
   4.3677339294343795e-02
   1.2661796078044239e-02
   6.1156361947323663e-02
   4.0388517566025635e-02
   5.1512790437855220e-02
   5.2749243271036257e-02
   1.2953845748290392e-02
   3.9949345575709318e-02
   3.9295517523732476e-02
   5.8278098699486351e-02
   2.5788469410321795e-02
   1.8980696345567059e-02
   1.2631910003726094e-02
   1.0290286227804979e-02
   3.8620303213802831e-02
   1.6817433396238056e-02
   1.6475288280593890e-02
   4.7446219011026879e-02
   1.4272424369358456e-02
   2.7793851430525748e-02
   8.3695331852829871e-03
   1.7086914075280232e-02
   3.0518343636106279e-02
   1.6593483335275647e-02
   1.9331866174013713e-02
   4.5529999935930342e-02
   3.4460738371070228e-02
   7.3572743314670758e-02
   1.0558954038037398e-02
   6.5174727074077440e-02
   4.8457839443807917e-02
   2.2254239974171086e-02
   6.1814087866675492e-02
   3.2878992214353239e-02
   3.5179191779789558e-02
   2.7279082876946702e-02
   4.9475429635487317e-02
   2.8916550430021736e-02
   3.8904286878341215e-02
   2.7806667388996613e-02
   1.1989917766812521e-02
   1.5527272956258494e-02
   8.8183780718104014e-03
   1.9814443244772419e-02
   2.4823314748826434e-02
   2.8672019890482459e-02
   4.3863815024684810e-02
   2.1589614287603306e-02
   2.2496465016581039e-02
   4.5214023865756042e-02
   3.4530815552043459e-02
   1.7980963227800385e-02
   2.2583290000929117e-02
   2.0147781080862927e-02
   3.4224899189980389e-02
   1.6994257303338648e-02
   2.8423152020541506e-02
   2.4817607586640127e-02
   1.4060997718535140e-02
   3.1184296281382713e-02
   1.9673645771720181e-02
   3.6759837664874923e-02
   1.5618677330171155e-02
   1.4153893185448619e-02
   4.3762973522450163e-02
   4.3428669457977201e-02
   4.3309524516900372e-02
   2.9954002921898280e-02
   5.6519643395047912e-02
   1.4453800105022629e-03
   1.2243101590842985e-02
   3.6037851792248422e-02
   1.9120446088888757e-02
   1.8450942179813964e-02
   9.0767794160341534e-03
   5.1662156059011179e-02
   2.6117590183714141e-02
   5.9605894102594911e-02
   2.1503122405860751e-02
   6.9042895399458751e-02
   4.4991539175310430e-02
   2.6644177938347412e-02
   4.0635642911641914e-02
   3.8537776687138037e-02
   4.2713630730476626e-02
   3.9614791946310277e-02
   9.3339688299692386e-02
   1.1274731824213882e-01
   4.0484160613385924e-02
   4.0296871463726583e-02
   3.1852927625011920e-02
   1.1546686378971657e-01
   1.2662697299225253e-01
   2.6296462752733795e-02
   4.2687369291695330e-02
   9.5108117926983315e-02
   1.1870182513002803e-01
   8.3560998766519137e-02
   1.1689111427908506e-02
   7.6755658504806298e-02
   2.1322186631407634e-02
   2.4722609103255539e-02
   3.4285379124422505e-02
   3.2340520271488489e-02
   1.7550299794021257e-02
   2.9958617823004522e-02
   3.1255399486766630e-02
   7.0280689775313529e-02
   5.6169467109605263e-02
   1.4774562868184344e-02
   5.1827691571956665e-02
   1.9314920576174954e-02
   5.2054425833789303e-02
   3.0627211042346763e-02
   3.7871702576372547e-02
   3.6758277709229702e-02
   2.1899853127935045e-02
   1.5826539734793983e-02
   2.5564315163443509e-02
   1.7666235645378815e-02
   2.0859615379680320e-02
   1.7769396446398140e-02
   1.9496620571151042e-02
   6.8285318626425222e-03
   2.2287721291311606e-03
   1.0497141113657774e-02
   3.0099870810740944e-02
   1.1011062662419161e-02
   5.1493637001775047e-02
   2.8206915379714620e-02
   1.8894053130283486e-02
   7.5598288467709607e-02
   2.9484162451018731e-02
   2.4111972801943351e-02
   2.4358925530078932e-02
   9.6569956302826297e-03
   2.2731785099921298e-02
   2.2260407254264734e-02
   3.2413713644916797e-02
   1.8977222517266194e-02
   1.5796083154342892e-02
   1.9674851592348400e-02
   3.2730773264861415e-02
   4.6417585827558935e-02
   5.0672508380715950e-02
   5.9452020068357272e-02
   6.6052685340530506e-02
   1.9445454968239358e-02
   8.6175807961729987e-03
   3.7051181160473672e-02
   6.1342078904401735e-02
   5.2665295238149057e-02
   5.0863073446012076e-02
   4.2764954970426587e-02
   6.7611004324426793e-02
   7.0907395658311251e-02
   5.4850473588921186e-02
   4.5496272454489999e-02
   3.6139826295454994e-02
   1.6460454041459666e-01
   1.0968433991935608e-01
   1.0053380848466095e-01
   2.8162205113123706e-01
   2.0782230927469625e-01
   3.1350423775245012e-01
   2.5217847599327881e-02
   6.1739255448085846e-02
   8.6840558853747182e-02
   1.1850163180776506e-01
   7.2398102708701964e-02
   7.3874404818773970e-02
   6.5224410996195456e-02
   2.6939266482285448e-02
   3.9544526328383935e-02
   9.6555534396107201e-03
   3.5157590834851114e-02
   6.2374413470212935e-02
   2.5421837436238135e-02
   3.9105911576493867e-02
   7.5387940148412366e-02
   4.0503914294946465e-02
   1.3076872807378945e-02
   5.4020791057227326e-02
   4.4264183422953740e-02
   3.9231504073382877e-02
   1.9052900151555266e-02
   3.9747530819795691e-03
   3.9711727234361095e-02
   2.8809493373539493e-02
   6.2515335367368474e-02
   1.6188243327806974e-02
   2.5621245929127495e-02
   2.1160028735566418e-02
   1.1881804763361514e-02
   9.5225679845393745e-03
   5.5058505258300042e-03
   2.8251428057908253e-02
   3.2072709219286122e-02
   1.6713896120753271e-02
   1.1757936076441412e-02
   9.4269834981529355e-03
   4.9356707859993063e-02
   4.4615901225617878e-02
   2.6673758147314122e-02
   3.6995349464016667e-03
   8.0242827411091868e-03
   3.2953872756792624e-02
   2.1179578977739946e-02
   6.0437128969230329e-03
   2.2819098723584470e-02
   1.1830186645838289e-02
   4.0320794658928023e-02
   2.1107233449936959e-02
   4.8633624432214223e-02
   2.2643273087405019e-02
   5.0383112584137558e-02
   4.9159276219308469e-02
   4.1521708996729322e-02
   1.4486437410212631e-02
   1.3199643137253917e-02
   2.0982332342228117e-02
   3.3235843189017455e-02
   2.7348646765952569e-02
   4.9861694185484258e-02
   2.3577451547719619e-02
   3.1373937624821421e-02
   2.0456034093229911e-02
   2.1370605603907966e-02
   5.5621397049877026e-03
   1.1049398696341108e-02
   8.6455747934393187e-02
   9.0124807938073148e-02
   1.1125400091244433e-01
   5.7281511654649550e-02
   5.3221791389720309e-02
   9.2148164332780724e-02
   1.3209950369062753e-01
   1.3655119774751692e-01
   4.5603455619208769e-02
   4.9704997601534871e-02
   1.6386081384469919e-01
   7.5771647768301642e-02
   8.1945993073467810e-02
   7.4780715592830546e-02
   2.3761452760742083e-02
   2.3363392909180984e-02
   6.9593097089223357e-02
   3.9696552009799428e-02
   3.7248516319687841e-02
   3.5482397585826206e-02
   5.0549995264730758e-02
   1.3760872453007198e-02
   5.8447616445542458e-02
   5.2787294321977318e-02
   1.6136837051118739e-02
   1.9797870145961998e-02
   3.3637588769169370e-02
   5.0446750269379018e-02
   3.3124693994059019e-02
   2.1470341320187655e-02
   2.5985530744776521e-02
   7.7560143077594068e-03
   8.8670737080665443e-03
   1.9811008143792178e-02
   3.3748198469638876e-02
   2.0740339066232918e-02
   9.7715620560927408e-03
   1.8967404699311737e-02
   1.8546380350625266e-02
   1.9782052540468029e-02
   5.0646393753046255e-02
   3.2658659863413028e-02
   1.7697139031539133e-02
   4.6768774003323556e-02
   4.4798081581737120e-02
   3.2485693256155856e-02
   2.7487408865902084e-02
   9.0481670996218951e-03
   2.0281558435006380e-02
   2.2467894525130441e-02
   7.8670179673205713e-03
   3.4663274018074862e-02
   1.1609840919436459e-02
   3.1780533517623374e-02
   1.0370462846856466e-02
   2.7167136046049197e-02
   2.8988178195485756e-02
   1.8477912607481283e-02
   2.5487174676876306e-02
   2.6537334745099558e-02
   2.3144545816662310e-02
   2.9266159096015550e-02
   1.7558639147358255e-02
   5.2456473446205049e-02
   1.6787665326123427e-02
   1.7749547454129329e-02
   7.7700225163672637e-03
   1.5762898757980537e-02
   1.3070937844837750e-02
   4.1723364562831607e-02
   3.2813540461669205e-02
   1.0507505449748648e-02
   9.2797284048581636e-03
   3.6937358519492168e-02
   8.8816888280960626e-03
   8.9242085764090970e-03
   2.4194988810248074e-02
   1.1467184296509567e-02
   3.6340114879438508e-02
   4.0411925789401670e-02
   2.9315288387140051e-02
   3.7560568250502614e-02
   5.7474422066560484e-02
   4.1636198833916144e-02
   5.0693579757129799e-02
   4.0300591452440457e-02
   2.8565239028961506e-02
   1.7130544427830761e-02
   2.7597912316274339e-02
   2.3881446441894338e-02
   2.2884317215698058e-02
   2.8913903314393041e-02
   1.9871144385442612e-02
   1.0072703076802128e-02
   2.9037453779472065e-02
   9.1835963898120251e-03
   5.1932960766076812e-03
   1.7107173475502696e-02
   3.0095405299362828e-02
   3.1810731239571816e-02
   2.2094713273875747e-02
   1.2485102141483737e-03
   2.7949971528294843e-03
   2.7267156980410070e-02
   1.4301461637589268e-02
   1.9701589588125620e-02
   1.0942245176600775e-02
   1.0599628423106917e-02
   1.1359053178695927e-02
   2.4263736298860927e-02
   2.7311001543775436e-02
   1.0774782204281540e-02
   2.2994610060108747e-02
   3.2004455995826402e-02
   9.3897640633510413e-04
   2.3784346977101453e-02
   3.4742852043673562e-02
   1.7882521831970307e-02
   1.3914006841325356e-02
   2.0805308607765350e-02
   2.4133345855281842e-02
   3.4765500938203547e-02
   1.7307854049588674e-02
   1.5188080455437240e-02
   4.1677212422441517e-02
   1.7819750274806430e-02
   1.1705976225057209e-02
   4.5844237156065617e-03
   2.9044613700710837e-02
   1.6156600974389514e-02
   3.4119512771534133e-02
   1.8802709698669085e-02
   2.8468858495161654e-02
   3.7361963372577788e-03
   7.0746555883646261e-03
   3.5464977309949422e-02
   2.8182312843989248e-02
   2.1266173737178286e-02
   9.0461254372180538e-03
   3.5695439167983969e-02
   3.0280007057774463e-02
   4.9766003393466728e-02
   1.8035475523551510e-02
   4.8842092684374082e-02
   1.5914828637009985e-02
   5.7134842326630478e-02
   2.9451895244616798e-02
   2.3658526010803888e-02
   6.1969609202733242e-02
   9.1432670241275765e-04
   4.1360430907706129e-02
   3.3803606490923595e-03
   5.2407724417615584e-02
   7.9212966992358205e-02
   2.9190647485748764e-02
   3.3567406793306241e-02
   8.5272167377745844e-02
   8.0867033917574632e-02
   4.6863566099972519e-02
   1.7809113022766526e-01
   7.9914591296134554e-02
   8.3836486160006773e-02
   1.3123062491495752e-01
   8.4714363174352353e-02
   5.1647004916724623e-02
   2.1611553351565164e-02
   4.2351276185675357e-02
   5.5288967418075159e-02
   3.8698071502313754e-02
   9.3256343148982700e-03
   1.7805978903015544e-02
   2.8741908444460701e-02
   2.1632137737937811e-02
   6.5829603901546348e-03
   7.1932149179701746e-03
   2.5544108187779684e-02
   4.5250992257893571e-03
   2.3582250175625378e-02
   3.8133343818437748e-02
   3.5249859681933629e-02
   1.4055948507420264e-02
   1.9320978986229146e-02
   6.1707750653905115e-03
   1.4988050246747544e-02
   1.3719150480298967e-02
   4.1564253785872744e-02
   2.0124847696236278e-02
   1.9604132674204359e-02
   1.5741169562505448e-02
   3.5968383094635653e-02
   1.9528461057991085e-02
   9.5561171296711395e-03
   7.8589200835587434e-03
   2.2274662787093096e-02
   2.3268224194495937e-02
   1.5593222928298012e-02
   4.6819950936135592e-02
   1.2308708242784365e-02
   3.6989827806639591e-02
   2.4083934421489754e-02
   2.6716634508673173e-02
   1.9442226253005675e-02
   3.2765588883036587e-02
   6.2081677289289620e-03
   3.3055062704285619e-02
   8.5535794304690705e-03
   1.6447397385268708e-02
   3.3008683402283447e-02
   2.7804608609581189e-02
   1.6800026718559118e-02
   2.2798030521414346e-02
   2.4062949375708822e-02
   2.3507367899830472e-02
   2.3669887952913849e-02
   2.7391782743990782e-02
   2.8569436799951754e-02
   3.3063722251114085e-02
   3.2542059404223438e-02
   6.5927501508494635e-02
   9.3687961825196855e-02
   1.3159595971431457e-02
   3.0243887656520609e-02
   7.8023572428028379e-03
   5.5444344217646428e-02
   3.8057731403506531e-02
   4.1801712398096526e-02
   3.3806103123719580e-02
   6.4974007569146036e-02
   6.6807993917636546e-02
   3.0750377416462461e-02
   9.2191908085301963e-02
   3.2786492986236773e-02
   4.7508302377829291e-02
   1.0431702836312061e-01
   1.2966942678874832e-01
   4.7961711079025957e-02
   2.1378604338347057e-01
   1.9132887078893432e-01
   5.6753747653253445e-02
   1.0435444815949339e-01
   1.9845882575438539e-01
   5.5424706304292033e-02
   3.1051075496177794e-02
   5.9126127183300355e-02
   6.3612667734547101e-02
   6.5374614282340940e-02
   6.5393421944943617e-02
   4.9434318501102886e-02
   5.0863274276325747e-02
   1.7421872474936820e-02
   3.3994526907159366e-02
   1.0496351931049698e-02
   1.2443664704775268e-02
   4.7483973058419733e-02
   7.1089995380048995e-02
   1.5739270554276721e-02
   2.3635216758058786e-02
   4.5557054950056602e-02
   2.8747828600706453e-02
   1.5092095867695677e-02
   2.3553416739463231e-02
   2.0839496909969175e-02
   2.0626747757029044e-02
   1.7627503960344317e-02
   1.7426677923377206e-02
   2.9160943294906861e-02
   2.0616598804245757e-02
   2.5624143534871708e-02
   1.7702261757311724e-02
   3.2407228901548756e-02
   1.2771557204820327e-02
   2.7886673972774317e-02
   1.5904851466071138e-02
   2.5454457864847763e-02
   1.2736048054958168e-02
   2.9044215943432955e-02
   2.3941501012898093e-02
   2.3374385915801873e-02
   1.7076745338790715e-02
   1.6695142816783418e-02
   2.9955822490411482e-02
   1.7630780576538697e-02
   3.5382623880923440e-02
   1.1971754617217162e-02
   1.4965638911131257e-02
   4.0876182293262515e-02
   2.5851043355520398e-02
   3.4915594404456657e-02
   4.5461322054528665e-02
   2.7264499315235571e-02
   1.4638403024489143e-02
   1.4559491607495680e-02
   5.9327243400289512e-02
   2.2986741798069091e-02
   5.2613147686499356e-02
   2.8137401673298579e-02
   2.9836870474409704e-02
   5.0963358732930258e-02
   2.6511810392256467e-02
   1.9815918115453461e-02
   2.5242202760652754e-02
   1.6951734024920465e-02
   1.8911016219534928e-02
   2.2029227246581681e-02
   2.4878032793058030e-02
   3.2544447346026829e-02
   3.3921820527493665e-02
   3.7396020623625736e-02
   4.6892379761621653e-02
   4.7388742202707813e-02
   2.9222375221873053e-02
   4.3164527664368797e-02
   2.6409230189736368e-02
   5.3519025994588632e-02
   2.0395320726207453e-02
   8.6504925778173383e-02
   4.7166449318849779e-02
   5.0173896595337747e-02
   1.0598183574979894e-01
   9.3151224244882258e-02
   7.0832363381088406e-02
   1.4890300048188579e-01
   6.2956307620823659e-02
   4.0268641276018521e-02
   7.2727846740120269e-02
   3.9027087694782199e-02
   6.7531167975921805e-02
   5.5269168661297156e-02
   5.4449388698422897e-02
   3.5051872036828698e-02
   1.3560270739050018e-02
   2.3364136466053835e-02
   5.2786992525184949e-02
   3.8433879652106248e-02
   6.3460627263036640e-02
   2.5315679907741407e-02
   3.5142172923133881e-02
   3.1336758663034252e-02
   1.9508625218630175e-02
   2.5693991333133388e-02
   3.0333693942076238e-02
   4.9749019236533052e-03
   2.9180506076719376e-02
   1.6914177303208804e-02
   3.5359301919034074e-02
   3.7966097692620514e-02
   3.3634903376524188e-03
   3.6145118321647803e-02
   1.9171564888957830e-02
   8.2557399708808460e-03
   4.3483986822684402e-02
   4.4497103666792055e-02
   8.0543791075405324e-03
   1.1054123171733810e-02
   1.2780461371191825e-02
   1.7868745770925745e-02
   3.1583375394116195e-02
   1.6124140430807544e-02
   2.0071417180615721e-02
   3.2283856451749152e-02
   6.7828087142213795e-03
   8.2401931190561085e-03
   1.8046559111888065e-02
   4.1521977959536958e-02
   7.3125837193159420e-03
   2.8371087887683801e-02
   4.1756160150892375e-02
   1.0668721491824833e-02
   1.7456908901885466e-02
   5.3462593768460126e-03
   1.2626641002512345e-02
   9.1140013667230634e-03
   1.1258141335504642e-02
   2.7896468767467635e-02
   1.8753033904183685e-02
   2.1413650308852797e-02
   1.4489822832470601e-02
   1.4052144789171089e-02
   8.1546686013005947e-03
   3.6474748654943226e-02
   3.2467936171687348e-02
   2.9134070888694893e-02
   2.7287985278580406e-02
   2.2511519217055985e-02
   4.3714985049857213e-02
   7.4232623576855668e-03
   1.6716875066226159e-02
   1.3336016350821643e-02
   7.2116024424387455e-03
   1.2581168241489251e-02
   1.8949597250114351e-02
   2.3253904161049617e-02
   2.1032378787490841e-02
   1.5160526459318780e-02
   2.3957405200232103e-02
   1.0111321653337720e-02
   1.0609783604329860e-02
   4.1821882064815089e-03
   6.3800161156825491e-03
   1.2185545570574354e-02
   2.6007986145047197e-02
   1.5523384660562868e-02
   2.2754538226031341e-02
   3.1681910931912666e-02
   5.7041276401555888e-02
   3.1554640418978583e-02
   2.7675434913947361e-02
   1.1610164937138635e-02
   1.7873395920735342e-02
   3.9835922734616724e-02
   2.4702607441610264e-02
   2.9605857839577629e-02
   2.1572886291182057e-02
   1.1220340212041557e-02
   5.1934633092386518e-03
   5.4048275066762297e-03
   3.3512378246299872e-02
   1.2024390174056760e-02
   1.7146774623755457e-02
   2.2720330477647661e-02
   1.2859468373122422e-02
   1.4564894957495382e-02
   1.0599924158787860e-02
   4.3565104038472439e-03
   9.6345414245293960e-03
   2.0343113920384896e-02
   1.7340182942987309e-02
   1.0922532125212873e-02
   3.3428515856172695e-03
   1.2346345866433475e-02
   5.9356253831814431e-03
   2.6306035725324077e-02
   2.1420878826029888e-02
   1.1830973512379916e-02
   2.6926077095405371e-02
   2.6484279390542063e-02
   2.2676746947037172e-02
   3.2037857566108448e-02
   2.3817845831545864e-02
   1.7783430645613683e-02
   1.8530781556373010e-02
   3.0382461474177152e-02
   2.3382219263702441e-02
   2.2551465501227365e-02
   2.8392269551497987e-02
   1.6167840552483950e-02
   2.3545949591343998e-02
   1.2289123218323350e-02
   1.7745365155259658e-02
   1.2035690278945629e-02
   2.1900396068684838e-02
   2.5775170464417553e-02
   8.6600739656300524e-03
   2.7584942446172184e-02
   1.3476421492347408e-02
   1.9853269627822884e-02
   1.3923550187500086e-02
   1.8744942620891492e-02
   1.1770291776687225e-02
   4.4113616189088350e-02
   1.5451398599035703e-02
   3.7201436832236305e-02
   1.9970234065384167e-02
   1.9433943939617546e-02
   2.5241503869606399e-02
   5.0235068426457224e-02
   8.1119915453041758e-03
   2.7151036620469277e-02
   2.1320333642991757e-02
   2.4603266356068694e-02
   1.8669216425675428e-02
   1.4054193226800453e-02
   3.8990147669619446e-02
   5.4709944117852363e-02
   2.2876279270528758e-02
   7.4482662888180534e-02
   6.8715440410593256e-02
   3.4080227568061491e-02
   7.5505947233410822e-02
   5.7346648647577658e-02
   8.9569445674507447e-02
   1.5076635816113720e-02
   8.1447557176892907e-02
   4.7084079890426039e-02
   8.3910896765532109e-02
   4.5186046729916649e-02
   1.5224150213388135e-01
   7.5196038180637456e-02
   7.1052344631656800e-02
   3.5497884290277365e-02
   4.0213463622144258e-02
   3.5366866108167215e-02
   9.3156217027949243e-03
   2.7969775449514532e-02
   9.1018075392119546e-03
   9.0490393813538864e-02
   8.4741867715763114e-03
   5.1965236188184882e-02
   5.5104841351327601e-02
   1.2566984579955039e-02
   5.1872563710294452e-02
   4.7372883290809312e-02
   9.7755420436264496e-03
   5.8011081259491696e-03
   6.6194565894061299e-03
   2.3387927241788540e-02
   6.9947075457015432e-03
   1.6091592303362122e-02
   2.2048260988328124e-02
   4.3196841789078691e-02
   8.4238120694181701e-03
   8.8740849938713576e-03
   2.2068035476123755e-02
   3.2463702665176002e-02
   3.4531218034012712e-02
   2.8146893174841637e-02
   3.3461311681068015e-02
   1.0126746605860514e-02
   1.0879517112076742e-02
   3.2641472024222573e-02
   3.8947565725010638e-02
   2.6112843342896718e-02
   1.9460687287347289e-02
   3.2792877010657327e-02
   1.0073885866862016e-02
   8.5901461208921330e-03
   4.0184903861356154e-02
   1.9741208041272499e-02
   5.9826288793484006e-02
   3.7242522329805239e-02
   1.3523670575838861e-02
   2.3075690128368243e-02
   2.9543773172691485e-02
   3.5819337490486255e-02
   6.3189160929548988e-02
   2.0990157228287957e-02
   4.0769345260056308e-02
   1.7927970322294449e-02
   2.5019080321924295e-02
   1.6228754558619846e-02
   4.9598581970828663e-02
   3.0073245638821192e-02
   4.7490069250415774e-02
   2.9811301446855589e-02
   2.4564620834570321e-02
   5.7492704717525815e-02
   1.8699314657401048e-02
   3.1017123682148453e-02
   5.9080741215550590e-02
   7.7759239065283439e-02
   3.5814924749070054e-02
   3.7328729206432175e-02
   7.7795885962696459e-02
   2.6928664241509217e-02
   4.0541305730451671e-02
   2.1150175080796245e-02
   6.1070428998734147e-02
   6.2014251154798472e-02
   1.0681119569915208e-01
   7.9197207831607344e-02
   5.7505144369705205e-02
   4.2094240279407759e-02
   1.1879183233489153e-01
   9.6313371049147570e-02
   8.3002737853415998e-02
   7.8350683297540843e-02
   5.1424704058604748e-02
   6.1085217245133751e-02
   9.2447421344664035e-02
   1.0700610273468185e-01
   6.1164339658759490e-02
   1.1315052965988043e-01
   4.2131421956634857e-02
   8.3688432121922798e-02
   1.1889458933584092e-01
   7.2181851340533204e-02
   1.3414389980103408e-01
   1.3167149144617374e-01
   8.0467157339375983e-02
   5.6578510955245194e-02
   7.0884813209361200e-02
   7.1770630686384854e-02
   6.5578355855815632e-02
   2.9536940497668567e-02
   7.3472489084435044e-02
   4.0605491775998780e-02
   5.4322029136906834e-02
   7.3494744074101170e-02
   9.3231294952672503e-02
   3.4833267006660049e-02
   6.9634565314726254e-02
   8.9035582741114588e-02
   2.0273242694436838e-02
   4.2850614451466727e-02
   2.1693679544265921e-02
   3.0190558524231050e-02
   3.7641891621897586e-02
   2.7639488049487439e-02
   5.6029483829275140e-02
   4.5750551134200020e-02
   3.9198554101693886e-02
   3.4218740901589516e-02
   4.6088696086678038e-02
   4.3566586656978851e-02
   3.1971706767696707e-02
   2.6785007180283236e-02
   8.8840107833647076e-03
   2.1411742565929724e-02
   4.0860034743551314e-02
   4.2868467108862052e-02
   2.0256534907834651e-02
   4.5094723972158197e-02
   2.2733886726288007e-02
   5.3815669271656971e-02
   1.5831275063254789e-02
   8.1592909885957604e-03
   3.2908653927523915e-02
   5.7052621619164889e-03
   1.1724371947391633e-02
   1.4250056285675350e-02
   1.6964080752021344e-02
   4.5514614741251444e-02
   1.0718495212558479e-02
   3.2302096878763210e-02
   2.1221446904539299e-02
   7.1194956878522522e-02
   1.4803603263484899e-02
   1.2818702055572216e-02
   4.6981057926246704e-02
   2.9708011797307480e-02
   4.2359974202625349e-02
   5.1980473500064739e-02
   6.2659672812029610e-02
   1.4977211098173543e-02
   3.6606343680542011e-02
   1.5144671651486820e-02
   3.3423344563604289e-02
   2.5746270475818185e-02
   3.3922619435812318e-02
   5.5304148619946661e-02
   1.4129625466171794e-02
   2.1123687577264159e-02
   1.1735989559172588e-01
   4.6314924258528622e-02
   2.5104857538519237e-02
   1.2322879700052104e-01
   3.6224515923671312e-02
   1.6012099470098115e-02
   1.2347037948388806e-01
   1.3004311596308417e-02
   5.0874123766467362e-02
   7.9489689042122766e-02
   1.0365901681214131e-01
   7.8941696231217107e-02
   1.6282180887463266e-01
   5.3738508443604421e-02
   8.8325138640472700e-02
   1.2033086597553008e-01
   1.2581360967061461e-01
   5.7608869532934780e-02
   1.6935218412961509e-01
   2.0943216411507598e-01
   6.1275224653488843e-02
   4.6520281112482686e-02
   8.9451233017957210e-02
   8.9448784011180490e-02
   1.2581648573266952e-02
   6.5712017586684893e-02
   9.4125872726882984e-02
   9.0967032063964254e-03
   5.8208447216773020e-02
   1.7278281682439373e-01
   7.5638118114360331e-02
   9.5575259868900697e-02
   9.7433541736930335e-02
   2.4253713632090571e-02
   2.9334841083484248e-02
   1.5234702657730231e-01
   1.7522307421500474e-01
   6.9035755638740537e-02
   2.3858194223902351e-02
   5.5302591640223477e-02
   7.9797078923931827e-02
   4.5691767483764544e-02
   1.8672077332159112e-01
   5.1021550080399228e-02
   1.0084599846245587e-01
   6.3161409700253066e-02
   3.7568295385588292e-02
   1.7291536028633106e-01
   7.3028153466337370e-02
   1.1858900922148173e-01
   4.3351232774088491e-02
   6.6772278551946243e-02
   7.5754342014262765e-03
   6.8926214950176756e-02
   6.8624812369398491e-02
   1.8101980216739970e-02
   5.0930287379069787e-02
   5.2143267092714413e-02
   3.1787233217192963e-02
   2.5941547630567354e-02
   2.0039398249014809e-02
   3.5314970473004907e-02
   3.8248873830009501e-02
   7.1696314164276936e-02
   2.1055794172726135e-02
   3.9945487260643342e-03
   8.9894130533050738e-03
   3.2923205343843069e-02
   2.2555443388582209e-02
   6.4962165508312408e-02
   4.8372130071746011e-02
   5.0231293068704115e-02
   1.4130830765223599e-02
   4.9261338311319007e-02
   3.2894505270361661e-02
   3.0001195356715735e-02
   3.2553541546157076e-02
   2.0659707006519729e-02
   1.2139331656961957e-02
   1.4092395816871175e-02
   4.8558516439698649e-02
   2.3292428744829126e-02
   1.4608256318845313e-02
   3.0376610653623428e-02
   1.8345314523884694e-02
   2.0419030518160092e-02
   2.8522409601640042e-02
   2.2429825905519226e-02
   3.8294805594987123e-02
   2.0451172475364970e-02
   3.2693150168553252e-02
   1.8231492253866936e-02
   8.5153331178280302e-03
   5.1824225814145614e-02
   3.5955620768164727e-02
   2.7528444789150355e-02
   6.4131423414435965e-02
   8.3656603182958450e-03
   2.1957464362516600e-02
   4.3196859704570385e-02
   4.0991235789852670e-02
   2.6144415170285869e-02
   3.4899736733295481e-02
   3.5487304829192642e-02
   3.7442371862458919e-02
   2.4521120288732667e-02
   2.0910469985049737e-02
   1.6615881635573621e-02
   3.5007477081261083e-02
   2.4996420655584061e-02
   1.3871574653736935e-02
   4.0117830814542815e-02
   4.0180585831394285e-02
   3.2313254586512227e-02
   5.5301958102084423e-02
   5.9771487302803156e-02
   2.1994439217638866e-02
   4.6263965908366081e-02
   3.3091405128806858e-02
   1.8693216293103779e-02
   3.5559425553266223e-02
   4.6388900243476784e-02
   2.3716169227902591e-02
   2.9580766810407753e-02
   7.0096099932445019e-02
   9.5754439374265855e-03
   1.3197879648052260e-02
   3.4970883181682177e-02
   2.5577598034318492e-02
   2.9637199169725417e-02
   4.3696783191980872e-02
   3.4648888275261407e-02
   9.3078198317637813e-03
   2.9330830159692400e-02
   4.2285058628738589e-02
   3.0307019094493255e-02
   2.9672369573294281e-02
   5.3112475964006596e-03
   2.4856141866508186e-02
   1.8552132598790946e-02
   4.6027481533024855e-02
   2.7828518503362855e-02
   2.7096198171079292e-02
   3.0018483999958677e-02
   2.9000102701489901e-02
   6.8447361550209654e-02
   7.2807036687659510e-03
   6.8392046230505349e-02
   2.8638483483167634e-02
   3.0298437049135665e-02
   1.5279835130779003e-02
   6.2858773258362199e-02
   5.7480581525916438e-02
   1.5052387280964573e-02
   5.3021543518997495e-02
   3.3514946261224296e-02
   1.9067005896682535e-02
   4.6489618395822073e-02
   1.3910115774140455e-01
   2.4910193019461752e-02
   3.7498877448145902e-02
   7.8987408648907562e-02
   4.9054314901016707e-02
   2.4986403439068501e-02
   4.7055496315242480e-02
   7.0288837102293221e-03
   5.5134896469936148e-02
   1.9102632342428649e-02
   2.3996853268871843e-02
   1.0282625375324664e-01
   4.8885927344365358e-02
   6.6713378359181841e-02
   2.5207915625389491e-03
   7.2766183533195777e-02
   3.5044688144831256e-02
   3.8891822714658651e-02
   1.2020423485146434e-02
   3.3619608674962186e-02
   4.4455501931088465e-02
   1.4376638372914488e-01
   3.0908802902866926e-02
   8.1649496189757226e-02
   4.9650250841192865e-02
   2.3453959471213350e-02
   5.5693120391032393e-02
   9.2656319735602580e-02
   2.2734867982158811e-02
   1.5880808281389894e-01
   1.0504264443960262e-01
   5.5305036529356852e-02
   3.4286792793705848e-02
   2.0471307054534324e-01
   6.6399246435497203e-02
   1.7512014313571519e-01
   6.4502960416668101e-02
   8.4760534634163748e-02
   8.4681561895884105e-02
   6.3003595571474322e-02
   4.6685911400052495e-02
   9.7641674610298976e-02
   1.2567249533961611e-01
   1.0783627095236201e-01
   1.0841091044031906e-01
   4.5664913479320723e-02
   7.2699264773865263e-02
   1.3269108967183771e-01
   2.4970020953502703e-02
   7.9900023642944587e-02
   1.2540635265486207e-02
   2.3472401446043092e-02
   5.4064291359584758e-02
   3.1426902916659789e-02
   4.2741056927619286e-02
   8.7095707851846338e-02
   1.4678726870143542e-02
   4.2917359085679993e-02
   4.3220076698294238e-02
   5.4538613367717599e-02
   5.0562197463145192e-02
   8.2206770339151969e-02
   4.4788275780651296e-02
   2.7134516801286843e-02
   4.5031397731933862e-02
   3.4216204718913491e-02
   4.5767386007350197e-02
   6.9747998568931990e-02
   3.4160847046549404e-02
   9.2230458811920463e-02
   5.5889920313742882e-02
   2.8420850467511413e-02
   1.0924368943024104e-03
   3.3509871938026174e-02
   2.6767436901401813e-02
   3.6131746600981680e-02
   3.8609951257139931e-02
   6.1262447583242098e-02
   6.2706690856949354e-02
   3.9012245442892488e-02
   1.6506417675308322e-02
   3.1709394669545088e-02
   2.5554924636671986e-02
   4.0815413952781113e-02
   2.4101329365458807e-02
   1.1574672290027753e-02
   2.7386860666621184e-02
   6.6402752296327486e-02
   5.5258216967005329e-02
   1.3547873664684495e-02
   3.5625707960905501e-02
   2.4374975368468152e-02
   6.9142003341442451e-02
   3.0467018854846175e-02
   3.2628902275333473e-02
   2.0674593010894381e-02
   5.7485387085382166e-02
   3.6567919517252342e-02
   1.2635453470330642e-02
   3.3293904999447975e-02
   4.9418460540589765e-02
   9.2239756454341168e-02
   6.1840560942882927e-02
   1.4523441946196812e-02
   1.5593479633674587e-02
   5.6474190481970492e-02
   6.9848242296350310e-02
   4.5149128073902027e-02
   2.5757176752709117e-02
   7.0221721742934715e-02
   3.7505026549560797e-02
   9.7599437116281648e-02
   1.3463752497122136e-01
   7.1317885771743306e-02
   1.1266980637102315e-01
   9.2748382443959262e-02
   1.6870128260084344e-01
   4.2527379653175899e-02
   1.2523687632743946e-01
   6.5556435790199416e-02
   7.6816878220534360e-02
   6.5931532644267293e-02
   7.6203079092091966e-02
   1.2100192431212285e-01
   2.1781361366565394e-01
   1.2739225133863619e-01
   5.6389213597558774e-02
   1.1121287400709459e-01
   3.0812488208025977e-02
   1.1368670781449203e-01
   2.5144787090492399e-01
   9.1954049820782854e-02
   7.3955157567439062e-02
   9.1939598299074651e-02
   1.7142128509832028e-01
   1.0224921331311965e-01
   1.5881968456495019e-01
   1.9581864963193543e-01
   9.2263934518838950e-02
   8.9843100371063536e-02
   6.0990338667724402e-02
   1.6680698848225001e-01
   1.5739200872164144e-01
   6.6101829509799051e-02
   5.4672317670217643e-02
   9.9667103012427330e-02
   3.7132673922761254e-02
   1.3546468431615971e-02
   2.4836542983394463e-02
   7.1364823288477180e-02
   1.0257817575845636e-01
   1.4000608094456207e-01
   7.4339110329808084e-02
   6.1906987570192758e-02
   1.7531019352271854e-01
   1.1247570163108753e-01
   6.2179102453262025e-02
   4.9997113047726707e-02
   1.4257884774067217e-02
   1.4251286664420412e-01
   7.0933561775528384e-02
   1.0360238636668542e-02
   8.0056224785439584e-02
   9.7518017734335105e-02
   2.2030508283829704e-02
   5.2860125652187145e-02
   2.4991715305922590e-02
   8.3537899730842038e-02
   4.9106533613634630e-02
   4.0091835560063002e-02
   7.9112157907387529e-02
   1.0645762790185134e-01
   7.2199275101647364e-02
   5.2488213937286171e-02
   5.3033612140939893e-02
   7.1866539418397032e-02
   1.0737450683723500e-01
   8.2554450076284161e-02
   1.0723825543723765e-01
   1.3901541721560418e-01
   1.1826784584157751e-01
   5.3050365561223382e-02
   5.9292523291535164e-02
   4.9359715307412129e-02
   1.0469475944052566e-01
   4.5803767159159847e-02
   8.5426712953527592e-02
   1.6307028453327536e-02
   5.5710600292211331e-02
   9.5140363392798674e-02
   3.8600013129174819e-02
   1.0050645856838859e-01
   1.2619723980217554e-01
   3.8260266060008749e-02
   9.2130158193193520e-02
   9.4823375301250179e-02
   1.0573153052550011e-02
   2.3286060783889954e-02
   7.0177768056310902e-02
   3.0123732751589530e-02
   7.6583955457765071e-02
   6.3934069743762256e-02
   1.4406885564737434e-01
   1.7513934904885151e-01
   7.1134494806041740e-02
   7.1807256945875808e-02
   1.2574125679200809e-01
   7.4691567244898324e-02
   5.2134268190189056e-02
   9.2134185236001268e-02
   3.5467620628702373e-02
   1.2884031392887885e-01
   1.2470294708660347e-01
   7.3912050039226629e-02
   3.1373215204108698e-02
   7.3545930084611466e-02
   1.3662490775135339e-01
   1.2746673268588909e-01
   8.1622281178890060e-02
   9.3738132640075994e-02
   1.3186867614423886e-01
   9.6547109354485336e-02
   1.0355986446767970e-01
   1.8964342829982006e-01
   6.2622613070888206e-02
   7.1367143686595219e-02
   1.3486021505669532e-01
   9.3539896686487448e-02
   1.2344260474899141e-01
   1.1911906748880413e-01
   2.2491340260952855e-02
   1.0762693554131830e-01
   8.1804355452199162e-02
   1.0150696292469383e-01
   4.5051494839279851e-02
   9.8625553911036529e-02
   1.7673848485909141e-01
   1.6599692431170984e-02
   7.4890252263193433e-03
   7.7078212104366425e-02
   7.5718766559173020e-02
   7.2622185497272451e-02
   9.6795943282517435e-02
   1.7646396225346689e-01
   2.1866739253323782e-02
   3.0271709171529704e-02
   5.5125699598580082e-02
   8.6392022199854437e-02
   9.6056207894223936e-02
   2.9088236276758331e-02
   6.0019259973088802e-02
   6.8521338359875214e-02
   3.9008670665577484e-02
   4.1317576765380587e-02
   8.0740363337394622e-02
   5.3493975570367780e-02
   1.0287104435383812e-01
   4.8260404294205042e-02
   6.0447554690646915e-02
   5.0024301196512168e-02
   2.9365188010038356e-02
   9.3760415262900659e-02
   8.0398026846038015e-02
   1.1102934079400234e-01
   5.7388199270558105e-02
   1.4104743576439011e-01
   3.8310424893289070e-02
   2.3293635977238245e-02
   3.0865074412722720e-02
   4.7869127934174416e-02
   2.0143553396474799e-02
   4.7554845337995075e-02
   7.5499578664747543e-03
   1.2975953502043094e-01
   3.6650076902728347e-02
   3.6836177043012029e-02
   3.1842093730470138e-02
   3.6256292601531313e-02
   8.0089806265551983e-02
   1.0930947767475246e-01
   2.1425334488566948e-02
   8.8523803331968409e-02
   8.4979120842579425e-03
   2.4876405511109864e-02
   5.5880189827779231e-02
   4.5098327294095061e-02
   4.3223074242379686e-02
   1.1082931179889259e-01
   1.0307209186843556e-01
   6.2816254030132065e-02
   7.0590519943322369e-02
   3.1569792256309487e-02
   1.4743183284393396e-02
   1.5171664029220801e-02
   8.8060241395434613e-02
   2.2422599641576651e-02
   3.7242050012084575e-02
   2.0291784998290235e-02
   1.1004763264341934e-01
   5.9428886078034843e-02
   5.3510475358979334e-02
   3.4859397927461684e-02
   8.6025620865648016e-03
   1.1031592137619516e-01
   2.7661006124818331e-02
   2.5864894729612366e-02
   5.2272709078733222e-02
   3.3680696228326992e-02
   1.4516784795009509e-02
   5.1525503942078249e-02
   1.0278735245469277e-01
   3.5115540548304791e-02
   5.0188980058375472e-02
   4.3679190028918388e-02
   2.8306018638271178e-02
   5.8610782351416812e-02
   4.3644013563403285e-02
   5.2725388952519714e-02
   6.6268949900902013e-02
   2.6884440395272137e-02
   1.6882182642787041e-02
   4.6611258512465170e-02
   7.5124731034973691e-02
   2.3298630076579771e-02
   7.6964200773426500e-02
   3.6198695246817437e-02
   4.0269326157641415e-02
   4.8888691655072029e-02
   3.4455413592692261e-02
   4.6251211374244282e-02
   5.9095792795052865e-02
   3.9141760102261329e-02
   2.8341046759036547e-02
   4.3950639211679930e-02
   6.4156162662878782e-02
   1.7411444852743770e-02
   4.9646416666900769e-02
   5.0171744870142310e-02
   2.7532010640893750e-02
   1.3624412329334474e-02
   4.6482371326286707e-02
   1.2444481894101434e-02
   1.0739542243279375e-01
   3.6562760396859781e-02
   7.9319435728803941e-02
   3.1465156748554199e-02
   2.0315651519242306e-02
   1.0920607913855723e-02
   6.5365601694840070e-02
   4.7770905612561587e-02
   5.1145539433219978e-02
   1.7298056836606211e-02
   4.0590417567192089e-02
   3.9649851480535535e-02
   8.2984424993428021e-02
   4.4474443093284993e-02
   1.4319537522375619e-02
   7.8077450546671215e-02
   1.4872047445526002e-01
   8.1554064793680062e-02
   3.1476769364547359e-02
   7.7105661965293115e-02
   1.2127278804301695e-02
   4.4714513580549002e-02
   4.9496971943633158e-02
   1.0385931699547481e-01
   2.2660846455407897e-02
   9.3583871403374652e-02
   1.1012951992850395e-01
   7.5980266820110914e-02
   2.4079920150652398e-02
   7.5515828427527770e-02
   4.1050844631022154e-02
   8.0854345406983399e-02
   8.2883176138434014e-03
   4.3208361219703714e-02
   1.8574528885914862e-02
   1.1043139194217676e-01
   5.2495786108964555e-02
   5.1056035497483283e-02
   9.0725546586890138e-02
   4.1128383249872835e-02
   2.1017207308700225e-01
   1.5433126943612505e-01
   1.2484971755658772e-01
   3.1196374108304031e-02
   1.1002261806516607e-01
   1.1457316215281323e-01
   7.7114770662096599e-02
   5.7540358807434466e-02
   6.1092237666617408e-02
   8.0027623142945786e-02
   1.1706263733017731e-01
   2.1726783104468180e-02
   2.2013550452868019e-01
   1.3620782198531795e-01
   1.3392843586283887e-01
   5.3812212861484014e-02
   2.6108670786485388e-02
   4.7591193656277148e-02
   6.3273661146691626e-02
   1.4146007411793446e-01
   4.1295796003042340e-02
   5.0424205637481567e-02
   1.1634327504439290e-01
   1.1388361595490495e-01
   1.5438257993508819e-01
   1.2986949585930102e-01
   1.4115370862689558e-01
   1.0251511323903238e-01
   7.0500708874353391e-02
   5.5110106971624578e-02
   1.3771182326959111e-01
   8.0203736929955832e-02
   5.8158704297229157e-02
   5.5677889557106730e-02
   5.8021964392368439e-02
   1.2919264067019989e-01
   5.9968952545678106e-02
   5.2659589584212227e-02
   7.2105608540684055e-02
   1.9154964778776984e-02
   7.6561210788381490e-02
   1.1177312363683743e-01
   4.8737560420100537e-02
   6.1970126935266150e-02
   2.8521110722244638e-02
   9.4079902502231749e-02
   2.5437284945546729e-02
   6.4555585938459878e-02
   7.4701364645568424e-02
   2.3419309274716190e-02
   6.7703198481961824e-02
   7.7265985887041838e-02
   6.8479927850881070e-02
   3.9405085081600344e-02
   5.5939750324169001e-02
   8.4969465887295328e-02
   4.3199772014356409e-02
   6.5126668804457236e-02
   1.1194083231107736e-02
   1.2285125113789958e-01
   1.3168251978180492e-01
   9.4635670534825619e-02
   1.9716226621422171e-02
   1.9214904358684622e-02
   6.2258710933710569e-02
   5.1176292062370898e-02
   7.1436366248451844e-02
   3.3400595381087812e-02
   8.7184338179798940e-02
   1.2198642481171837e-01
   1.1776263629362005e-01
   3.3280493399104528e-02
   2.8630629978078644e-02
   6.0680952743775482e-02
   6.4315098391474493e-02
   5.2088833302015386e-02
   7.7646047154306411e-02
   1.2908662388770406e-01
   7.0675482707475645e-02
   1.5763141272032356e-02
   2.9184188167134081e-02
   1.6320087368839375e-01
   1.4260252833809095e-01
   2.1154692547086861e-02
   1.7071110640020190e-01
   6.6062116405350049e-02
   6.4136518316597071e-02
   1.8421260350358432e-01
   1.0351439957517843e-01
   1.1508779410827057e-01
   7.4512836100592769e-02
   1.7358398373886427e-01
   5.1182209194425565e-02
   1.5606841034264510e-01
   3.3701803531981900e-01
   2.4207832552328479e-01
   2.3709188368663986e-01
   2.1925694835300580e-01
   9.2987889414298572e-02
   2.2873332011434630e-01
   3.2135422614704916e-02
   2.2197581892441676e-01
   1.3193050393198386e-01
   1.0638287805138520e-01
   1.2706292049030077e-01
   1.6408690978737289e-01
   9.2393458536881218e-02
   1.6763113045454606e-01
   4.2995024787011416e-01
   2.7020645634591356e-01
   1.4303354326154114e-01
   2.0819178216526008e-01
   5.0313651474019574e-02
   2.0592676039686109e-01
   1.2995856544076292e-01
   4.0584554537923800e-01
   1.4693308250348638e-01
   1.3845134358057001e-01
   2.5203569671384679e-01
   5.6816518237848113e-02
   1.0918663558900832e-01
   1.9857751768828924e-01
   1.3731462614439974e-01
   1.3297930624946006e-01
   2.5925196216625982e-02
   2.6071909429526113e-01
   7.8442065569035380e-02
   9.5705487064018935e-02
   1.6440653175266332e-01
   1.2040820657527197e-01
   1.2405295182875974e-01
   5.4691755272468376e-02
   2.3051394794506689e-02
   2.1268156441425751e-01
   9.2015126017278279e-02
   6.5516688359885777e-02
   2.0291194296212456e-01
   1.2085835698938546e-01
   9.0032837993668166e-02
   1.5511521582677870e-01
   6.7007065120466169e-02
   1.3157942796923144e-01
   8.4097010970301450e-02
   1.1938207891134607e-01
   8.4462589313243602e-02
   8.9965896598741185e-02
   1.8639800261823880e-01
   5.3961457351115974e-02
   1.6882309000475221e-01
   2.0028259764993112e-01
   1.6592651999214017e-01
   8.6074100111936683e-02
   2.6876516289837088e-02
   9.4717291215578911e-02
   7.0340064597539942e-02
   9.5677856188461502e-02
   9.1970627511229294e-02
   6.8514986765425528e-02
   7.9604841058370804e-02
   8.3535511285517658e-02
   9.9356647576918006e-02
   3.9393454610233317e-02
   5.3439722475639641e-02
   1.0391896414107217e-01
   1.8007801114707814e-01
   6.8278832343588142e-02
   8.6193782595725046e-03
   1.3136389625589739e-01
   1.4051783101495399e-01
   1.6944437569280357e-01
   1.0459082634707097e-01
   7.4690156846131062e-02
   1.2875056601474344e-01
   5.5408876457925416e-02
   1.5472336802779360e-01
   1.1392545881063104e-01
   6.6146377931767156e-02
   1.0418514281157308e-01
   1.8195420785440683e-01
   1.1475364226988709e-01
   8.8552030061926232e-02
   3.2858840940647782e-01
   3.7289961598757929e-02
   2.6978544213636824e-02
   2.2098459128004697e-01
   2.0820723083938006e-01
   9.5055458193138515e-02
   1.3409943177512296e-01
   2.1558463500109154e-01
   8.3302035597141791e-02
   1.4181156979746665e-01
   1.5817053502836226e-01
   1.0779690023084372e-01
   2.0551365305970745e-01
   1.1869321870582211e-01
   8.0088873676680508e-02
   9.3798547806502985e-02
   2.9123281996122663e-01
   6.1974439897521806e-02
   8.2869709024808155e-02
   1.4796424779525594e-01
   7.7113646911331421e-02
   1.3265763984565349e-01
   1.0924572879611612e-01
   1.5728235975924079e-01
   1.4123157794199195e-01
   1.1980919547174604e-02
   1.5455669364077373e-01
   1.8095294048853877e-01
   7.5115577450146340e-02
   1.7193774608959625e-01
   1.1413821111886220e-01
   9.9428421456561070e-02
   1.9982352691068500e-01
   6.0267703130073444e-02
   6.1559816341238090e-02
   7.7139315167417483e-02
   1.2292476940268629e-01
   7.2880901255705288e-02
   1.2045651027646907e-01
   5.7025588123923839e-02
   1.1958525138333227e-01
   1.3969687278261803e-01
   3.3417184889553225e-02
   8.9561495250403148e-02
   8.7804704668381292e-02
   5.4574697703937927e-02
   3.0971691075512644e-02
   1.7319811046570541e-01
   3.7292123198011701e-02
   4.2250083161979424e-02
   1.2076942599100882e-01
   3.6085659870274595e-02
   1.0663163705360233e-01
   2.0329879936265968e-01
   5.9038279179043654e-02
   2.9630853604005501e-02
   1.3841932667438808e-01
   1.4889536654171637e-01
   4.0366828114481251e-02
   5.4016608066453850e-02
   5.4570728731594069e-02
   1.5817532551127857e-02
   1.4862989093240528e-01
   7.1162160435826835e-02
   1.6448961891104250e-01
   1.4086916442337788e-01
   1.1051636736725173e-01
   4.8533676216837844e-02
   1.0286961322968792e-01
   8.4846989688508290e-02
   7.0690884136446752e-02
   1.2502471656527755e-01
   2.2764194135927777e-02
   1.1524525657855908e-01
   1.2181737852955433e-01
   2.3597505928378035e-02
   9.6040288237700194e-02
   4.6701813040620592e-02
   1.4037684692991859e-01
   1.4779851078776218e-01
   3.6766918493303866e-02
   6.8976210270383337e-02
   1.9574550475697960e-02
   9.9187850676630065e-02
   1.4747722813018094e-01
   5.8136036481190333e-02
   1.1338024156269945e-01
   9.0136680693747598e-02
