2.815706512832387778e-02
1.925682611821028511e-01
-7.314428636745526346e-02
1.877512999448381348e-01
-3.336293291852973075e-01
1.097062848303784477e-01
3.600873554850754221e-01
3.928301089182862360e-01
-9.878798473610206354e-02
-1.158529786772801995e-01
-7.159064556828379500e-01
-1.105423530198748096e-02
-3.041264641591852613e-01
3.033968309289504228e-01
-2.025454190674364219e-01
1.504429249585740036e-01
-4.424413533341436389e-01
-8.661919134845257051e-02
4.626030459136862977e-02
-1.511304147491821515e-01
1.359152128484476807e-01
3.543227380919506397e-01
3.417948808865310939e-01
-5.466472337325993802e-01
-1.295962975718017995e-01
1.207942234332805634e-02
1.578404884622913174e-01
-5.399420764585279031e-02
-1.415517743745383361e-01
1.111536048031589868e-01
1.007928992859421918e-01
-3.096050374448442999e-01
-5.568672835861687709e-02
1.558946874183903541e-01
8.890550118603604557e-02
-4.006104991315341257e-01
2.255248474959944960e-01
-2.585180216676399856e-01
-3.052530114035041930e-01
5.490950510648055782e-02
