1.117362030457244026e-01
1.614952482352113861e-02
5.124055781304497070e-02
2.594406355386050800e-01
5.275214931639008453e-01
3.012826754698306186e-01
8.215303908425984902e-01
8.004412053480738365e-01
1.269359842968606489e-01
2.594781104255407533e-01
6.427668048980744731e-02
8.016951693475132812e-02
2.550908666759732144e-02
7.654650845463344989e-03
2.270814553668583091e-01
2.935438325196951248e-01
6.561059616745128498e-01
6.039636673367888564e-01
9.956352117019106121e-03
2.229927885153407952e-01
4.374107801846685573e-01
1.011405730524871233e-01
4.736528528504940078e-02
7.973771159982682155e-01
5.449072174358037257e-01
4.118760436680670711e-01
3.181838747158417524e-01
8.098939997387469836e-01
1.186975500920111476e-01
6.449909508483461229e-01
8.057241495954062249e-02
1.750488738017626500e-01
5.487604267378120015e-01
4.962133924798999840e-01
1.465570490798161485e-01
8.458046555393321231e-02
1.945663644629232192e-01
2.231551852648917256e-01
5.929690759897883190e-01
2.299013621573201341e-02
1.904724098707455682e-01
6.309090121388888361e-01
4.122600621613798505e-02
2.339868587164703195e-01
3.054071050604051929e-01
2.036755959655034698e-01
2.964832487027415087e-01
8.737660529417268229e-02
2.872634696964095763e-02
8.676214495697907869e-03
2.723684297217939809e-01
7.471361226505583986e-01
4.161589947746590079e-01
1.594848016632481325e-01
2.943396712077939181e-01
3.333303850709739558e-01
1.349412818141292048e-01
5.110125375685004023e-01
1.980046275756935370e-01
6.133536642804019445e-01
5.027141059472219065e-02
1.115578099057455141e-01
6.816126891978057101e-01
4.677017325052600372e-01
3.382051797094231538e-01
1.171309896126962458e-02
3.306127428319898254e-01
5.449202064252302025e-01
4.284477432062980817e-01
3.142420572201515966e-02
3.346402097355447580e-01
6.052788670019760842e-01
5.580573896398700884e-02
6.216942814546907448e-01
1.601384423197715345e-01
2.512346964568211438e-02
2.243000810839746173e-01
1.547054115078239367e-01
1.296619053991993342e-01
1.865001300648501392e-01
3.053660059589760611e-01
6.285170521424262580e-01
3.369855108639084329e-01
6.792341759994467709e-02
1.657098612273132932e-01
3.502654131215330313e-01
7.185517988767543551e-01
5.607195960678409419e-01
5.508219262819433748e-01
1.173747886512109713e-02
1.533368404021362152e-01
1.635003164501473150e-01
8.759270126904346310e-02
1.927524066213358311e-01
6.647950938906608265e-01
1.427226192717368503e-01
4.050364572430192878e-01
4.069833830877077618e-01
3.366132839437339097e-01
3.686222914188037186e-02
1.414758078637656513e-01
1.413197586956615459e-01
1.378741130017209771e-01
5.125591492035295182e-01
1.203403220526202133e-01
3.383842141298317174e-01
7.175618467601357908e-02
2.116958615717657588e-01
2.871754586285513722e-01
3.462890802943398988e-02
1.223193125442368218e-01
2.559338715731026941e-03
3.301435387485832651e-01
3.362531263081856014e-01
3.089703199026830327e-01
6.282435290913722659e-01
3.837924747395176639e-01
3.964763287112869211e-02
2.092039541672577885e-01
1.047366539500216853e-01
6.930660989989588794e-01
2.512830367882074034e-02
8.539824389948826866e-01
5.037377562497510342e-01
6.037532521868095303e-01
6.568340496575896248e-01
1.634295897895218785e-01
8.232888873440411537e-01
8.442314607759210388e-02
