0.000000000000000000e+00
9.727626459143967272e-03
1.945525291828793454e-02
2.918287937743190008e-02
3.891050583657586909e-02
4.863813229571983809e-02
5.836575875486380016e-02
6.809338521400777611e-02
7.782101167315173817e-02
8.754863813229570024e-02
9.727626459143967619e-02
1.070038910505836383e-01
1.167315175097276003e-01
1.264591439688715624e-01
1.361867704280155522e-01
1.459143968871595143e-01
1.556420233463034763e-01
1.653696498054474384e-01
1.750972762645914005e-01
1.848249027237353903e-01
1.945525291828793524e-01
2.042801556420233144e-01
2.140077821011672765e-01
2.237354085603112386e-01
2.334630350194552006e-01
2.431906614785991905e-01
2.529182879377431248e-01
2.626459143968871146e-01
2.723735408560311044e-01
2.821011673151750387e-01
2.918287937743190286e-01
3.015564202334629629e-01
3.112840466926069527e-01
3.210116731517509425e-01
3.307392996108948768e-01
3.404669260700388667e-01
3.501945525291828010e-01
3.599221789883267908e-01
3.696498054474707806e-01
3.793774319066147149e-01
3.891050583657587048e-01
3.988326848249026391e-01
4.085603112840466289e-01
4.182879377431906187e-01
4.280155642023345530e-01
4.377431906614785428e-01
4.474708171206224772e-01
4.571984435797664670e-01
4.669260700389104013e-01
4.766536964980543911e-01
4.863813229571983809e-01
4.961089494163423153e-01
5.058365758754862496e-01
5.155642023346302949e-01
5.252918287937742292e-01
5.350194552529181635e-01
5.447470817120622089e-01
5.544747081712061432e-01
5.642023346303500775e-01
5.739299610894941228e-01
5.836575875486380571e-01
5.933852140077819914e-01
6.031128404669259258e-01
6.128404669260699711e-01
6.225680933852139054e-01
6.322957198443578397e-01
6.420233463035018850e-01
6.517509727626458194e-01
6.614785992217897537e-01
6.712062256809336880e-01
6.809338521400777333e-01
6.906614785992216676e-01
7.003891050583656019e-01
7.101167315175096473e-01
7.198443579766535816e-01
7.295719844357975159e-01
7.392996108949415612e-01
7.490272373540854955e-01
7.587548638132294299e-01
7.684824902723733642e-01
7.782101167315174095e-01
7.879377431906613438e-01
7.976653696498052781e-01
8.073929961089493235e-01
8.171206225680932578e-01
8.268482490272371921e-01
8.365758754863812374e-01
8.463035019455251717e-01
8.560311284046691060e-01
8.657587548638130404e-01
8.754863813229570857e-01
8.852140077821010200e-01
8.949416342412449543e-01
9.046692607003889997e-01
9.143968871595329340e-01
9.241245136186768683e-01
9.338521400778208026e-01
9.435797665369648479e-01
9.533073929961087822e-01
9.630350194552527165e-01
9.727626459143967619e-01
9.824902723735406962e-01
9.922178988326846305e-01
1.001945525291828565e+00
1.011673151750972499e+00
1.021400778210116655e+00
1.031128404669260590e+00
1.040856031128404524e+00
1.050583657587548458e+00
1.060311284046692393e+00
1.070038910505836327e+00
1.079766536964980261e+00
1.089494163424124418e+00
1.099221789883268352e+00
1.108949416342412286e+00
1.118677042801556221e+00
1.128404669260700155e+00
1.138132295719844089e+00
1.147859922178988246e+00
1.157587548638132180e+00
1.167315175097276114e+00
1.177042801556420049e+00
1.186770428015563983e+00
1.196498054474707917e+00
1.206225680933851852e+00
1.215953307392996008e+00
1.225680933852139942e+00
1.235408560311283876e+00
1.245136186770427811e+00
1.254863813229571745e+00
1.264591439688715679e+00
1.274319066147859614e+00
1.284046692607003770e+00
1.293774319066147704e+00
1.303501945525291639e+00
1.313229571984435573e+00
1.322957198443579507e+00
1.332684824902723442e+00
1.342412451361867376e+00
1.352140077821011532e+00
1.361867704280155467e+00
1.371595330739299401e+00
1.381322957198443335e+00
1.391050583657587270e+00
1.400778210116731204e+00
1.410505836575875360e+00
1.420233463035019295e+00
1.429961089494163229e+00
1.439688715953307163e+00
1.449416342412451097e+00
1.459143968871595032e+00
1.468871595330738966e+00
1.478599221789883122e+00
1.488326848249027057e+00
1.498054474708170991e+00
1.507782101167314925e+00
1.517509727626458860e+00
1.527237354085602794e+00
1.536964980544746728e+00
1.546692607003890885e+00
1.556420233463034819e+00
1.566147859922178753e+00
1.575875486381322688e+00
1.585603112840466622e+00
1.595330739299610556e+00
1.605058365758754491e+00
1.614785992217898647e+00
1.624513618677042581e+00
1.634241245136186516e+00
1.643968871595330450e+00
1.653696498054474384e+00
1.663424124513618318e+00
1.673151750972762475e+00
1.682879377431906409e+00
1.692607003891050343e+00
1.702334630350194278e+00
1.712062256809338212e+00
1.721789883268482146e+00
1.731517509727626081e+00
1.741245136186770237e+00
1.750972762645914171e+00
1.760700389105058106e+00
1.770428015564202040e+00
1.780155642023345974e+00
1.789883268482489909e+00
1.799610894941633843e+00
1.809338521400777999e+00
1.819066147859921934e+00
1.828793774319065868e+00
1.838521400778209802e+00
1.848249027237353737e+00
1.857976653696497671e+00
1.867704280155641605e+00
1.877431906614785762e+00
1.887159533073929696e+00
1.896887159533073630e+00
1.906614785992217564e+00
1.916342412451361499e+00
1.926070038910505433e+00
1.935797665369649589e+00
1.945525291828793524e+00
1.955252918287937458e+00
1.964980544747081392e+00
1.974708171206225327e+00
1.984435797665369261e+00
1.994163424124513195e+00
2.003891050583657130e+00
2.013618677042801064e+00
2.023346303501944998e+00
2.033073929961089377e+00
2.042801556420233311e+00
2.052529182879377245e+00
2.062256809338521180e+00
2.071984435797665114e+00
2.081712062256809048e+00
2.091439688715952983e+00
2.101167315175096917e+00
2.110894941634240851e+00
2.120622568093384785e+00
2.130350194552528720e+00
2.140077821011672654e+00
2.149805447470816588e+00
2.159533073929960523e+00
2.169260700389104901e+00
2.178988326848248835e+00
2.188715953307392770e+00
2.198443579766536704e+00
2.208171206225680638e+00
2.217898832684824573e+00
2.227626459143968507e+00
2.237354085603112441e+00
2.247081712062256376e+00
2.256809338521400310e+00
2.266536964980544244e+00
2.276264591439688179e+00
2.285992217898832113e+00
2.295719844357976491e+00
2.305447470817120426e+00
2.315175097276264360e+00
2.324902723735408294e+00
2.334630350194552229e+00
2.344357976653696163e+00
2.354085603112840097e+00
2.363813229571984031e+00
2.373540856031127966e+00
2.383268482490271900e+00
2.392996108949415834e+00
2.402723735408559769e+00
2.412451361867703703e+00
2.422178988326847637e+00
2.431906614785992016e+00
2.441634241245135950e+00
2.451361867704279884e+00
2.461089494163423819e+00
2.470817120622567753e+00
2.480544747081711687e+00
2.490272373540855622e+00
2.499999999999999556e+00
2.509727626459143490e+00
2.519455252918287425e+00
2.529182879377431359e+00
2.538910505836575293e+00
2.548638132295719227e+00
2.558365758754863606e+00
2.568093385214007540e+00
2.577821011673151474e+00
2.587548638132295409e+00
2.597276264591439343e+00
2.607003891050583277e+00
2.616731517509727212e+00
2.626459143968871146e+00
2.636186770428015080e+00
2.645914396887159015e+00
2.655642023346302949e+00
2.665369649805446883e+00
2.675097276264590818e+00
2.684824902723734752e+00
2.694552529182879130e+00
2.704280155642023065e+00
2.714007782101166999e+00
2.723735408560310933e+00
2.733463035019454868e+00
2.743190661478598802e+00
2.752918287937742736e+00
2.762645914396886671e+00
2.772373540856030605e+00
2.782101167315174539e+00
2.791828793774318473e+00
2.801556420233462408e+00
2.811284046692606342e+00
2.821011673151750720e+00
2.830739299610894655e+00
2.840466926070038589e+00
2.850194552529182523e+00
2.859922178988326458e+00
2.869649805447470392e+00
2.879377431906614326e+00
2.889105058365758261e+00
2.898832684824902195e+00
2.908560311284046129e+00
2.918287937743190064e+00
2.928015564202333998e+00
2.937743190661477932e+00
2.947470817120621867e+00
2.957198443579766245e+00
2.966926070038910179e+00
2.976653696498054114e+00
2.986381322957198048e+00
2.996108949416341982e+00
3.005836575875485916e+00
3.015564202334629851e+00
3.025291828793773785e+00
3.035019455252917719e+00
3.044747081712061654e+00
3.054474708171205588e+00
3.064202334630349522e+00
3.073929961089493457e+00
3.083657587548637835e+00
3.093385214007781769e+00
3.103112840466925704e+00
3.112840466926069638e+00
3.122568093385213572e+00
3.132295719844357507e+00
3.142023346303501441e+00
3.151750972762645375e+00
3.161478599221789310e+00
3.171206225680933244e+00
3.180933852140077178e+00
3.190661478599221113e+00
3.200389105058365047e+00
3.210116731517508981e+00
3.219844357976653360e+00
3.229571984435797294e+00
3.239299610894941228e+00
3.249027237354085162e+00
3.258754863813229097e+00
3.268482490272373031e+00
3.278210116731516965e+00
3.287937743190660900e+00
3.297665369649804834e+00
3.307392996108948768e+00
3.317120622568092703e+00
3.326848249027236637e+00
3.336575875486380571e+00
3.346303501945524950e+00
3.356031128404668884e+00
3.365758754863812818e+00
3.375486381322956753e+00
3.385214007782100687e+00
3.394941634241244621e+00
3.404669260700388556e+00
3.414396887159532490e+00
3.424124513618676424e+00
3.433852140077820358e+00
3.443579766536964293e+00
3.453307392996108227e+00
3.463035019455252161e+00
3.472762645914396096e+00
3.482490272373540474e+00
3.492217898832684408e+00
3.501945525291828343e+00
3.511673151750972277e+00
3.521400778210116211e+00
3.531128404669260146e+00
3.540856031128404080e+00
3.550583657587548014e+00
3.560311284046691949e+00
3.570038910505835883e+00
3.579766536964979817e+00
3.589494163424123752e+00
3.599221789883267686e+00
3.608949416342412064e+00
3.618677042801555999e+00
3.628404669260699933e+00
3.638132295719843867e+00
3.647859922178987802e+00
3.657587548638131736e+00
3.667315175097275670e+00
3.677042801556419604e+00
3.686770428015563539e+00
3.696498054474707473e+00
3.706225680933851407e+00
3.715953307392995342e+00
3.725680933852139276e+00
3.735408560311283210e+00
3.745136186770427589e+00
3.754863813229571523e+00
3.764591439688715457e+00
3.774319066147859392e+00
3.784046692607003326e+00
3.793774319066147260e+00
3.803501945525291195e+00
3.813229571984435129e+00
3.822957198443579063e+00
3.832684824902722998e+00
3.842412451361866932e+00
3.852140077821010866e+00
3.861867704280154801e+00
3.871595330739299179e+00
3.881322957198443113e+00
3.891050583657587048e+00
3.900778210116730982e+00
3.910505836575874916e+00
3.920233463035018850e+00
3.929961089494162785e+00
3.939688715953306719e+00
3.949416342412450653e+00
3.959143968871594588e+00
3.968871595330738522e+00
3.978599221789882456e+00
3.988326848249026391e+00
3.998054474708170769e+00
4.007782101167314259e+00
4.017509727626458194e+00
4.027237354085602128e+00
4.036964980544746062e+00
4.046692607003889997e+00
4.056420233463033931e+00
4.066147859922178753e+00
4.075875486381322688e+00
4.085603112840466622e+00
4.095330739299610556e+00
4.105058365758754491e+00
4.114785992217898425e+00
4.124513618677042359e+00
4.134241245136186294e+00
4.143968871595330228e+00
4.153696498054474162e+00
4.163424124513618096e+00
4.173151750972762031e+00
4.182879377431905965e+00
4.192607003891049899e+00
4.202334630350193834e+00
4.212062256809337768e+00
4.221789883268481702e+00
4.231517509727625637e+00
4.241245136186769571e+00
4.250972762645913505e+00
4.260700389105057440e+00
4.270428015564201374e+00
4.280155642023345308e+00
4.289883268482489243e+00
4.299610894941633177e+00
4.309338521400777111e+00
4.319066147859921045e+00
4.328793774319065868e+00
4.338521400778209802e+00
4.348249027237353737e+00
4.357976653696497671e+00
4.367704280155641605e+00
4.377431906614785539e+00
4.387159533073929474e+00
4.396887159533073408e+00
4.406614785992217342e+00
4.416342412451361277e+00
4.426070038910505211e+00
4.435797665369649145e+00
4.445525291828793080e+00
4.455252918287937014e+00
4.464980544747080948e+00
4.474708171206224883e+00
4.484435797665368817e+00
4.494163424124512751e+00
4.503891050583656686e+00
4.513618677042800620e+00
4.523346303501944554e+00
4.533073929961088488e+00
4.542801556420232423e+00
4.552529182879376357e+00
4.562256809338520291e+00
4.571984435797664226e+00
4.581712062256808160e+00
4.591439688715952983e+00
4.601167315175096917e+00
4.610894941634240851e+00
4.620622568093384785e+00
4.630350194552528720e+00
4.640077821011672654e+00
4.649805447470816588e+00
4.659533073929960523e+00
4.669260700389104457e+00
4.678988326848248391e+00
4.688715953307392326e+00
4.698443579766536260e+00
4.708171206225680194e+00
4.717898832684824129e+00
4.727626459143968063e+00
4.737354085603111997e+00
4.747081712062255932e+00
4.756809338521399866e+00
4.766536964980543800e+00
4.776264591439687734e+00
4.785992217898831669e+00
4.795719844357975603e+00
4.805447470817119537e+00
4.815175097276263472e+00
4.824902723735407406e+00
4.834630350194551340e+00
4.844357976653695275e+00
4.854085603112840097e+00
4.863813229571984031e+00
4.873540856031127966e+00
4.883268482490271900e+00
4.892996108949415834e+00
4.902723735408559769e+00
4.912451361867703703e+00
4.922178988326847637e+00
4.931906614785991572e+00
4.941634241245135506e+00
4.951361867704279440e+00
4.961089494163423375e+00
4.970817120622567309e+00
4.980544747081711243e+00
4.990272373540855178e+00
4.999999999999999112e+00
5.009727626459143046e+00
5.019455252918286980e+00
5.029182879377430915e+00
5.038910505836574849e+00
5.048638132295718783e+00
5.058365758754862718e+00
5.068093385214006652e+00
5.077821011673150586e+00
5.087548638132294521e+00
5.097276264591438455e+00
5.107003891050582389e+00
5.116731517509727212e+00
5.126459143968871146e+00
5.136186770428015080e+00
5.145914396887159015e+00
5.155642023346302949e+00
5.165369649805446883e+00
5.175097276264590818e+00
5.184824902723734752e+00
5.194552529182878686e+00
5.204280155642022621e+00
5.214007782101166555e+00
5.223735408560310489e+00
5.233463035019454423e+00
5.243190661478598358e+00
5.252918287937742292e+00
5.262645914396886226e+00
5.272373540856030161e+00
5.282101167315174095e+00
5.291828793774318029e+00
5.301556420233461964e+00
5.311284046692605898e+00
5.321011673151749832e+00
5.330739299610893767e+00
5.340466926070037701e+00
5.350194552529181635e+00
5.359922178988325570e+00
5.369649805447469504e+00
5.379377431906614326e+00
5.389105058365758261e+00
5.398832684824902195e+00
5.408560311284046129e+00
5.418287937743190064e+00
5.428015564202333998e+00
5.437743190661477932e+00
5.447470817120621867e+00
5.457198443579765801e+00
5.466926070038909735e+00
5.476653696498053669e+00
5.486381322957197604e+00
5.496108949416341538e+00
5.505836575875485472e+00
5.515564202334629407e+00
5.525291828793773341e+00
5.535019455252917275e+00
5.544747081712061210e+00
5.554474708171205144e+00
5.564202334630349078e+00
5.573929961089493013e+00
5.583657587548636947e+00
5.593385214007780881e+00
5.603112840466924816e+00
5.612840466926068750e+00
5.622568093385212684e+00
5.632295719844356618e+00
5.642023346303501441e+00
5.651750972762645375e+00
5.661478599221789310e+00
5.671206225680933244e+00
5.680933852140077178e+00
5.690661478599221113e+00
5.700389105058365047e+00
5.710116731517508981e+00
5.719844357976652915e+00
5.729571984435796850e+00
5.739299610894940784e+00
5.749027237354084718e+00
5.758754863813228653e+00
5.768482490272372587e+00
5.778210116731516521e+00
5.787937743190660456e+00
5.797665369649804390e+00
5.807392996108948324e+00
5.817120622568092259e+00
5.826848249027236193e+00
5.836575875486380127e+00
5.846303501945524062e+00
5.856031128404667996e+00
5.865758754863811930e+00
5.875486381322955864e+00
5.885214007782099799e+00
5.894941634241243733e+00
5.904669260700388556e+00
5.914396887159532490e+00
5.924124513618676424e+00
5.933852140077820358e+00
5.943579766536964293e+00
5.953307392996108227e+00
5.963035019455252161e+00
5.972762645914396096e+00
5.982490272373540030e+00
5.992217898832683964e+00
6.001945525291827899e+00
6.011673151750971833e+00
6.021400778210115767e+00
6.031128404669259702e+00
6.040856031128403636e+00
6.050583657587547570e+00
6.060311284046691505e+00
6.070038910505835439e+00
6.079766536964979373e+00
6.089494163424123307e+00
6.099221789883267242e+00
6.108949416342411176e+00
6.118677042801555110e+00
6.128404669260699045e+00
6.138132295719842979e+00
6.147859922178986913e+00
6.157587548638130848e+00
6.167315175097275670e+00
6.177042801556419604e+00
6.186770428015563539e+00
6.196498054474707473e+00
6.206225680933851407e+00
6.215953307392995342e+00
6.225680933852139276e+00
6.235408560311283210e+00
6.245136186770427145e+00
6.254863813229571079e+00
6.264591439688715013e+00
6.274319066147858948e+00
6.284046692607002882e+00
6.293774319066146816e+00
6.303501945525290751e+00
6.313229571984434685e+00
6.322957198443578619e+00
6.332684824902722553e+00
6.342412451361866488e+00
6.352140077821010422e+00
6.361867704280154356e+00
6.371595330739298291e+00
6.381322957198442225e+00
6.391050583657586159e+00
6.400778210116730094e+00
6.410505836575874028e+00
6.420233463035017962e+00
6.429961089494162785e+00
6.439688715953306719e+00
6.449416342412450653e+00
6.459143968871594588e+00
6.468871595330738522e+00
6.478599221789882456e+00
6.488326848249026391e+00
6.498054474708170325e+00
6.507782101167314259e+00
6.517509727626458194e+00
6.527237354085602128e+00
6.536964980544746062e+00
6.546692607003889997e+00
6.556420233463033931e+00
6.566147859922177865e+00
6.575875486381321799e+00
6.585603112840465734e+00
6.595330739299609668e+00
6.605058365758753602e+00
6.614785992217897537e+00
6.624513618677041471e+00
6.634241245136185405e+00
6.643968871595329340e+00
6.653696498054473274e+00
6.663424124513617208e+00
6.673151750972761143e+00
6.682879377431905077e+00
6.692607003891049899e+00
6.702334630350193834e+00
6.712062256809337768e+00
6.721789883268481702e+00
6.731517509727625637e+00
6.741245136186769571e+00
6.750972762645913505e+00
6.760700389105057440e+00
6.770428015564201374e+00
6.780155642023345308e+00
6.789883268482489243e+00
6.799610894941633177e+00
6.809338521400777111e+00
6.819066147859921045e+00
6.828793774319064980e+00
6.838521400778208914e+00
6.848249027237352848e+00
6.857976653696496783e+00
6.867704280155640717e+00
6.877431906614784651e+00
6.887159533073928586e+00
6.896887159533072520e+00
6.906614785992216454e+00
6.916342412451360389e+00
6.926070038910504323e+00
6.935797665369648257e+00
6.945525291828792191e+00
6.955252918287937014e+00
6.964980544747080948e+00
6.974708171206224883e+00
6.984435797665368817e+00
6.994163424124512751e+00
7.003891050583656686e+00
7.013618677042800620e+00
7.023346303501944554e+00
7.033073929961088488e+00
7.042801556420232423e+00
7.052529182879376357e+00
7.062256809338520291e+00
7.071984435797664226e+00
7.081712062256808160e+00
7.091439688715952094e+00
7.101167315175096029e+00
7.110894941634239963e+00
7.120622568093383897e+00
7.130350194552527832e+00
7.140077821011671766e+00
7.149805447470815700e+00
7.159533073929959635e+00
7.169260700389103569e+00
7.178988326848247503e+00
7.188715953307391437e+00
7.198443579766535372e+00
7.208171206225679306e+00
7.217898832684824129e+00
7.227626459143968063e+00
7.237354085603111997e+00
7.247081712062255932e+00
7.256809338521399866e+00
7.266536964980543800e+00
7.276264591439687734e+00
7.285992217898831669e+00
7.295719844357975603e+00
7.305447470817119537e+00
7.315175097276263472e+00
7.324902723735407406e+00
7.334630350194551340e+00
7.344357976653695275e+00
7.354085603112839209e+00
7.363813229571983143e+00
7.373540856031127078e+00
7.383268482490271012e+00
7.392996108949414946e+00
7.402723735408558881e+00
7.412451361867702815e+00
7.422178988326846749e+00
7.431906614785990683e+00
7.441634241245134618e+00
7.451361867704278552e+00
7.461089494163422486e+00
7.470817120622566421e+00
7.480544747081711243e+00
7.490272373540855178e+00
7.499999999999999112e+00
7.509727626459143046e+00
7.519455252918286980e+00
7.529182879377430915e+00
7.538910505836574849e+00
7.548638132295718783e+00
7.558365758754862718e+00
7.568093385214006652e+00
7.577821011673150586e+00
7.587548638132294521e+00
7.597276264591438455e+00
7.607003891050582389e+00
7.616731517509726324e+00
7.626459143968870258e+00
7.636186770428014192e+00
7.645914396887158127e+00
7.655642023346302061e+00
7.665369649805445995e+00
7.675097276264589929e+00
7.684824902723733864e+00
7.694552529182877798e+00
7.704280155642021732e+00
7.714007782101165667e+00
7.723735408560309601e+00
7.733463035019454423e+00
7.743190661478598358e+00
7.752918287937742292e+00
7.762645914396886226e+00
7.772373540856030161e+00
7.782101167315174095e+00
7.791828793774318029e+00
7.801556420233461964e+00
7.811284046692605898e+00
7.821011673151749832e+00
7.830739299610893767e+00
7.840466926070037701e+00
7.850194552529181635e+00
7.859922178988325570e+00
7.869649805447469504e+00
7.879377431906613438e+00
7.889105058365757372e+00
7.898832684824901307e+00
7.908560311284045241e+00
7.918287937743189175e+00
7.928015564202333110e+00
7.937743190661477044e+00
7.947470817120620978e+00
7.957198443579764913e+00
7.966926070038908847e+00
7.976653696498052781e+00
7.986381322957196716e+00
7.996108949416341538e+00
8.005836575875484584e+00
8.015564202334628519e+00
8.025291828793772453e+00
8.035019455252916387e+00
8.044747081712060321e+00
8.054474708171204256e+00
8.064202334630348190e+00
8.073929961089492124e+00
8.083657587548636059e+00
8.093385214007779993e+00
8.103112840466923927e+00
8.112840466926067862e+00
8.122568093385211796e+00
8.132295719844357507e+00
8.142023346303501441e+00
8.151750972762645375e+00
8.161478599221789310e+00
8.171206225680933244e+00
8.180933852140077178e+00
8.190661478599221113e+00
8.200389105058365047e+00
8.210116731517508981e+00
8.219844357976652915e+00
8.229571984435796850e+00
8.239299610894940784e+00
8.249027237354084718e+00
8.258754863813228653e+00
8.268482490272372587e+00
8.278210116731516521e+00
8.287937743190660456e+00
8.297665369649804390e+00
8.307392996108948324e+00
8.317120622568092259e+00
8.326848249027236193e+00
8.336575875486380127e+00
8.346303501945524062e+00
8.356031128404667996e+00
8.365758754863811930e+00
8.375486381322955864e+00
8.385214007782099799e+00
8.394941634241243733e+00
8.404669260700387667e+00
8.414396887159531602e+00
8.424124513618675536e+00
8.433852140077819470e+00
8.443579766536963405e+00
8.453307392996107339e+00
8.463035019455251273e+00
8.472762645914395208e+00
8.482490272373539142e+00
8.492217898832683076e+00
8.501945525291827011e+00
8.511673151750970945e+00
8.521400778210114879e+00
8.531128404669258813e+00
8.540856031128402748e+00
8.550583657587546682e+00
8.560311284046690616e+00
8.570038910505834551e+00
8.579766536964978485e+00
8.589494163424122419e+00
8.599221789883266354e+00
8.608949416342410288e+00
8.618677042801554222e+00
8.628404669260698157e+00
8.638132295719842091e+00
8.647859922178986025e+00
8.657587548638131736e+00
8.667315175097275670e+00
8.677042801556419604e+00
8.686770428015563539e+00
8.696498054474707473e+00
8.706225680933851407e+00
8.715953307392995342e+00
8.725680933852139276e+00
8.735408560311283210e+00
8.745136186770427145e+00
8.754863813229571079e+00
8.764591439688715013e+00
8.774319066147858948e+00
8.784046692607002882e+00
8.793774319066146816e+00
8.803501945525290751e+00
8.813229571984434685e+00
8.822957198443578619e+00
8.832684824902722553e+00
8.842412451361866488e+00
8.852140077821010422e+00
8.861867704280154356e+00
8.871595330739298291e+00
8.881322957198442225e+00
8.891050583657586159e+00
8.900778210116730094e+00
8.910505836575874028e+00
8.920233463035017962e+00
8.929961089494161897e+00
8.939688715953305831e+00
8.949416342412449765e+00
8.959143968871593700e+00
8.968871595330737634e+00
8.978599221789881568e+00
8.988326848249025502e+00
8.998054474708169437e+00
9.007782101167313371e+00
9.017509727626457305e+00
9.027237354085601240e+00
9.036964980544745174e+00
9.046692607003889108e+00
9.056420233463033043e+00
9.066147859922176977e+00
9.075875486381320911e+00
9.085603112840464846e+00
9.095330739299608780e+00
9.105058365758752714e+00
9.114785992217896649e+00
9.124513618677040583e+00
9.134241245136184517e+00
9.143968871595328451e+00
9.153696498054472386e+00
9.163424124513616320e+00
9.173151750972760254e+00
9.182879377431905965e+00
9.192607003891049899e+00
9.202334630350193834e+00
9.212062256809337768e+00
9.221789883268481702e+00
9.231517509727625637e+00
9.241245136186769571e+00
9.250972762645913505e+00
9.260700389105057440e+00
9.270428015564201374e+00
9.280155642023345308e+00
9.289883268482489243e+00
9.299610894941633177e+00
9.309338521400777111e+00
9.319066147859921045e+00
9.328793774319064980e+00
9.338521400778208914e+00
9.348249027237352848e+00
9.357976653696496783e+00
9.367704280155640717e+00
9.377431906614784651e+00
9.387159533073928586e+00
9.396887159533072520e+00
9.406614785992216454e+00
9.416342412451360389e+00
9.426070038910504323e+00
9.435797665369648257e+00
9.445525291828792191e+00
9.455252918287936126e+00
9.464980544747080060e+00
9.474708171206223994e+00
9.484435797665367929e+00
9.494163424124511863e+00
9.503891050583655797e+00
9.513618677042799732e+00
9.523346303501943666e+00
9.533073929961087600e+00
9.542801556420231535e+00
9.552529182879375469e+00
9.562256809338519403e+00
9.571984435797663338e+00
9.581712062256807272e+00
9.591439688715951206e+00
9.601167315175095140e+00
9.610894941634239075e+00
9.620622568093383009e+00
9.630350194552526943e+00
9.640077821011670878e+00
9.649805447470814812e+00
9.659533073929958746e+00
9.669260700389102681e+00
9.678988326848246615e+00
9.688715953307390549e+00
9.698443579766534484e+00
9.708171206225680194e+00
9.717898832684824129e+00
9.727626459143968063e+00
9.737354085603111997e+00
9.747081712062255932e+00
9.756809338521399866e+00
9.766536964980543800e+00
9.776264591439687734e+00
9.785992217898831669e+00
9.795719844357975603e+00
9.805447470817119537e+00
9.815175097276263472e+00
9.824902723735407406e+00
9.834630350194551340e+00
9.844357976653695275e+00
9.854085603112839209e+00
9.863813229571983143e+00
9.873540856031127078e+00
9.883268482490271012e+00
9.892996108949414946e+00
9.902723735408558881e+00
9.912451361867702815e+00
9.922178988326846749e+00
9.931906614785990683e+00
9.941634241245134618e+00
9.951361867704278552e+00
9.961089494163422486e+00
9.970817120622566421e+00
9.980544747081710355e+00
9.990272373540854289e+00
9.999999999999998224e+00
