  -8.2000000001862645e+00
  -8.6000000005587935e+00
  -7.7000000001862645e+00
  -7.8999999994412065e+00
  -6.9000000003725290e+00
  -5.7999999998137355e+00
  -4.7000000001862645e+00
  -4.0000000000000000e+00
  -4.0999999996274710e+00
  -4.5999999996274710e+00
  -5.6999999992549419e+00
  -5.4000000003725290e+00
  -5.5999999996274710e+00
  -5.7999999998137355e+00
  -5.6999999992549419e+00
  -7.0000000000000000e+00
  -7.2999999998137355e+00
  -8.4000000003725290e+00
  -9.7999999998137355e+00
  -9.5000000000000000e+00
  -8.9000000003725290e+00
  -8.5000000000000000e+00
  -8.7999999998137355e+00
  -9.0999999996274710e+00
  -9.5000000000000000e+00
  -1.0800000000745058e+01
  -1.1200000000186265e+01
  -1.1500000000000000e+01
  -1.0599999999627471e+01
  -1.0800000000745058e+01
  -1.0599999999627471e+01
  -1.0800000000745058e+01
  -1.2000000000931323e+01
  -1.2000000000931323e+01
  -1.1299999999813735e+01
  -9.3999999994412065e+00
  -7.8000000007450581e+00
  -7.0999999996274710e+00
  -6.3999999994412065e+00
  -7.1999999992549419e+00
  -7.0999999996274710e+00
  -6.9000000003725290e+00
  -6.7000000011175871e+00
  -5.2999999998137355e+00
  -4.2000000001862645e+00
  -3.0000000000000000e+00
  -3.0000000000000000e+00
  -3.3000000007450581e+00
  -2.9000000003725290e+00
  -2.7999999998137355e+00
  -1.8999999994412065e+00
  -2.9999999888241291e-01
   7.0000000018626451e-01
   8.9999999944120646e-01
   4.0000000037252903e-01
  -9.9999999627470970e-02
  -5.0000000000000000e-01
  -7.9999999981373549e-01
  -7.9999999981373549e-01
   2.9999999981373549e-01
   4.9999999906867743e-01
  -2.9999999888241291e-01
  -1.4000000003725290e+00
  -2.5000000009313226e+00
  -3.6999999992549419e+00
  -4.0999999996274710e+00
  -3.5000000000000000e+00
  -3.3000000007450581e+00
  -3.2000000001862645e+00
  -4.4999999990686774e+00
  -6.2000000001862645e+00
  -7.0999999996274710e+00
  -8.2999999998137355e+00
  -7.8000000007450581e+00
  -6.3000000007450581e+00
  -5.2000000011175871e+00
  -4.0000000000000000e+00
  -4.8999999994412065e+00
  -4.8999999994412065e+00
  -5.4000000003725290e+00
  -5.0000000000000000e+00
  -4.2000000001862645e+00
  -2.9000000003725290e+00
  -1.7999999988824129e+00
  -1.7999999988824129e+00
  -2.4000000003725290e+00
  -2.7000000001862645e+00
  -3.3000000007450581e+00
  -2.5999999996274710e+00
  -1.7999999988824129e+00
  -1.0999999996274710e+00
  -6.0000000055879354e-01
  -2.9999999888241291e-01
  -6.9999999925494194e-01
  -1.3000000007450581e+00
  -1.3000000007450581e+00
  -1.5000000000000000e+00
  -1.3000000007450581e+00
  -5.0000000000000000e-01
  -1.4000000003725290e+00
  -1.5999999996274710e+00
  -2.0000000000000000e+00
  -2.4000000003725290e+00
  -2.1000000005587935e+00
  -1.7999999988824129e+00
  -1.7999999988824129e+00
  -2.5000000009313226e+00
  -3.6000000005587935e+00
  -4.7000000001862645e+00
  -5.9999999990686774e+00
  -6.2000000001862645e+00
  -5.5999999996274710e+00
  -5.1000000005587935e+00
  -4.0999999996274710e+00
  -4.2999999998137355e+00
  -4.7000000001862645e+00
  -5.6999999992549419e+00
  -6.3999999994412065e+00
  -5.9999999990686774e+00
  -5.6999999992549419e+00
  -6.3999999994412065e+00
  -6.3000000007450581e+00
  -6.9000000003725290e+00
  -7.4000000003725290e+00
  -9.0999999996274710e+00
  -8.6999999992549419e+00
  -8.9999999990686774e+00
  -8.1000000005587935e+00
  -7.4000000003725290e+00
  -7.7000000001862645e+00
  -7.2999999998137355e+00
  -6.0999999996274710e+00
  -5.7999999998137355e+00
  -4.4999999990686774e+00
  -2.7999999998137355e+00
  -1.2000000001862645e+00
  -1.0000000009313226e+00
   4.9999999906867743e-01
   1.9999999925494194e-01
   9.9999999627470970e-02
  -2.0000000018626451e-01
   1.5000000000000000e+00
   2.6000000005587935e+00
   3.5000000009313226e+00
   3.1999999992549419e+00
   2.2000000001862645e+00
   1.9000000003725290e+00
   8.9999999944120646e-01
   1.5000000000000000e+00
   2.0999999996274710e+00
   3.0000000000000000e+00
   2.3000000007450581e+00
   2.3000000007450581e+00
   1.0000000000000000e+00
   8.9999999944120646e-01
   1.9999999925494194e-01
   1.9999999925494194e-01
   4.0000000037252903e-01
   7.0000000018626451e-01
   9.9999999627470970e-02
  -1.2000000001862645e+00
  -2.7999999998137355e+00
  -3.0999999996274710e+00
  -3.3999999994412065e+00
  -4.2000000001862645e+00
  -5.0000000000000000e+00
  -5.0000000000000000e+00
  -6.9000000003725290e+00
  -8.4000000003725290e+00
  -9.7999999998137355e+00
  -1.0800000000745058e+01
  -1.1099999999627471e+01
  -1.1900000000372529e+01
  -1.2000000000931323e+01
  -1.3100000000558794e+01
  -1.4099999999627471e+01
  -1.5500000000000000e+01
  -1.7600000000558794e+01
  -1.8199999999254942e+01
  -1.8199999999254942e+01
  -1.9100000000558794e+01
  -1.9599999999627471e+01
  -1.9699999999254942e+01
  -1.9400000000372529e+01
  -1.9699999999254942e+01
  -1.9400000000372529e+01
  -1.8499999999068677e+01
  -1.7399999999441206e+01
  -1.7300000000745058e+01
  -1.5000000000931323e+01
  -1.4699999999254942e+01
  -1.2799999998882413e+01
  -1.1799999999813735e+01
  -1.0400000000372529e+01
  -8.6999999992549419e+00
  -7.4000000003725290e+00
  -6.5000000000000000e+00
  -5.9000000003725290e+00
  -5.2000000011175871e+00
  -4.2000000001862645e+00
  -3.3999999994412065e+00
  -3.0000000000000000e+00
  -2.7000000001862645e+00
  -2.4000000003725290e+00
  -2.5000000009313226e+00
  -2.9000000003725290e+00
  -3.0999999996274710e+00
  -3.5000000000000000e+00
  -4.4999999990686774e+00
  -4.7000000001862645e+00
  -4.7000000001862645e+00
  -5.5999999996274710e+00
  -5.9999999990686774e+00
  -7.1999999992549419e+00
  -7.8999999994412065e+00
  -8.2000000001862645e+00
  -8.9000000003725290e+00
  -9.5000000000000000e+00
  -9.7000000001862645e+00
  -1.0299999999813735e+01
  -1.1900000000372529e+01
  -1.3299999999813735e+01
  -1.4200000000186265e+01
  -1.4099999999627471e+01
  -1.4500000000000000e+01
  -1.4500000000000000e+01
  -1.3000000000000000e+01
  -1.2700000000186265e+01
  -1.2599999999627471e+01
  -1.2899999999441206e+01
  -1.2400000000372529e+01
  -1.1699999999254942e+01
  -1.0599999999627471e+01
  -8.0000000000000000e+00
  -6.5000000000000000e+00
  -5.6999999992549419e+00
  -6.7999999998137355e+00
  -6.3999999994412065e+00
  -6.7999999998137355e+00
  -6.5000000000000000e+00
  -5.6999999992549419e+00
  -5.1000000005587935e+00
  -4.4000000003725290e+00
  -5.0000000000000000e+00
  -6.7000000011175871e+00
  -6.5000000000000000e+00
  -8.0000000000000000e+00
  -8.6000000005587935e+00
  -8.4000000003725290e+00
  -8.1000000005587935e+00
  -6.5000000000000000e+00
  -6.3999999994412065e+00
  -7.0999999996274710e+00
  -5.9000000003725290e+00
  -5.4000000003725290e+00
  -5.6999999992549419e+00
  -4.4999999990686774e+00
  -3.6000000005587935e+00
  -2.1000000005587935e+00
  -4.0999999996274710e+00
  -5.1000000005587935e+00
  -3.9000000003725290e+00
  -5.7999999998137355e+00
  -5.9999999990686774e+00
  -5.2000000011175871e+00
  -5.6999999992549419e+00
  -5.2999999998137355e+00
  -6.5000000000000000e+00
  -7.7000000001862645e+00
  -7.4999999990686774e+00
  -8.2999999998137355e+00
  -7.7000000001862645e+00
  -7.0999999996274710e+00
  -7.0999999996274710e+00
  -5.9999999990686774e+00
  -6.0999999996274710e+00
  -5.9000000003725290e+00
  -5.9999999990686774e+00
  -4.5999999996274710e+00
  -5.0000000000000000e+00
  -4.7000000001862645e+00
  -3.0999999996274710e+00
  -2.9000000003725290e+00
  -1.5999999996274710e+00
  -1.0000000009313226e+00
  -6.0000000055879354e-01
  -6.0000000055879354e-01
   2.9999999981373549e-01
   8.0000000074505806e-01
   1.5000000000000000e+00
   1.7999999998137355e+00
   2.5000000000000000e+00
   3.1000000005587935e+00
   3.2999999998137355e+00
   3.7000000001862645e+00
   3.5000000009313226e+00
   2.3999999994412065e+00
   2.5000000000000000e+00
   1.9000000003725290e+00
   8.9999999944120646e-01
   7.0000000018626451e-01
  -1.4000000003725290e+00
  -2.4000000003725290e+00
  -3.5000000000000000e+00
  -3.5000000000000000e+00
  -4.8000000007450581e+00
  -5.2000000011175871e+00
  -6.7999999998137355e+00
  -8.9000000003725290e+00
  -1.0700000000186265e+01
  -1.3500000000931323e+01
  -1.3900000000372529e+01
  -1.5500000000000000e+01
  -1.6199999999254942e+01
  -1.8299999999813735e+01
  -1.8099999999627471e+01
  -1.9299999999813735e+01
  -1.9799999999813735e+01
  -2.0799999999813735e+01
  -2.1000000000000000e+01
  -2.0200000000186265e+01
  -1.9900000000372529e+01
  -2.1599999999627471e+01
  -2.1400000000372529e+01
  -2.1899999999441206e+01
  -2.3399999999441206e+01
  -2.3300000000745058e+01
  -2.3200000000186265e+01
  -2.1899999999441206e+01
  -2.1400000000372529e+01
  -2.0799999999813735e+01
  -1.9900000000372529e+01
  -1.9000000000000000e+01
  -1.8299999999813735e+01
  -1.7399999999441206e+01
  -1.5400000000372529e+01
  -1.4099999999627471e+01
  -1.2400000000372529e+01
  -1.1500000000000000e+01
  -1.1699999999254942e+01
  -1.1500000000000000e+01
  -1.1699999999254942e+01
  -1.0800000000745058e+01
  -1.1099999999627471e+01
  -9.8999999994412065e+00
  -9.5000000000000000e+00
  -9.3000000007450581e+00
  -8.9999999990686774e+00
  -8.2000000001862645e+00
  -7.4000000003725290e+00
  -5.9999999990686774e+00
  -5.0000000000000000e+00
  -4.0999999996274710e+00
  -3.6999999992549419e+00
  -3.3999999994412065e+00
  -3.7999999998137355e+00
  -4.0000000000000000e+00
  -4.4000000003725290e+00
  -2.7999999998137355e+00
  -3.2000000001862645e+00
  -3.5000000000000000e+00
  -3.7999999998137355e+00
  -4.2999999998137355e+00
  -5.2999999998137355e+00
  -6.3999999994412065e+00
  -6.5000000000000000e+00
  -6.3999999994412065e+00
  -6.5000000000000000e+00
  -7.8999999994412065e+00
  -8.5000000000000000e+00
  -9.3999999994412065e+00
  -1.0599999999627471e+01
  -1.1000000000000000e+01
  -1.0800000000745058e+01
  -1.0199999999254942e+01
  -1.0000000000000000e+01
  -1.1299999999813735e+01
  -1.2200000000186265e+01
  -1.1600000000558794e+01
  -1.1399999999441206e+01
  -1.0599999999627471e+01
  -8.5000000000000000e+00
  -7.4000000003725290e+00
  -7.0000000000000000e+00
  -7.8000000007450581e+00
  -7.8999999994412065e+00
  -8.2999999998137355e+00
  -7.8999999994412065e+00
  -7.0999999996274710e+00
  -4.2000000001862645e+00
  -4.4000000003725290e+00
  -4.7000000001862645e+00
  -5.7999999998137355e+00
  -6.5000000000000000e+00
  -5.6999999992549419e+00
  -5.2999999998137355e+00
  -4.2999999998137355e+00
  -3.9000000003725290e+00
  -3.0999999996274710e+00
  -4.0000000000000000e+00
  -4.8000000007450581e+00
  -5.0000000000000000e+00
  -4.8999999994412065e+00
  -3.3999999994412065e+00
  -2.4000000003725290e+00
  -1.7999999988824129e+00
  -2.9000000003725290e+00
  -5.1000000005587935e+00
  -6.0999999996274710e+00
  -7.1999999992549419e+00
  -7.7000000001862645e+00
  -7.7000000001862645e+00
  -7.5999999996274710e+00
  -8.4000000003725290e+00
  -1.0400000000372529e+01
  -1.2200000000186265e+01
  -1.2500000000000000e+01
  -1.2300000000745058e+01
  -1.1000000000000000e+01
  -8.5000000000000000e+00
  -8.6000000005587935e+00
  -8.4000000003725290e+00
  -9.3999999994412065e+00
  -1.1299999999813735e+01
  -1.1399999999441206e+01
  -1.0599999999627471e+01
  -9.5000000000000000e+00
  -7.8000000007450581e+00
  -8.6999999992549419e+00
  -9.7000000001862645e+00
  -1.0400000000372529e+01
  -1.1699999999254942e+01
  -1.1900000000372529e+01
  -1.0599999999627471e+01
  -8.9000000003725290e+00
  -7.4999999990686774e+00
  -8.1000000005587935e+00
  -8.5000000000000000e+00
  -8.6000000005587935e+00
  -9.3000000007450581e+00
  -8.4000000003725290e+00
  -6.9000000003725290e+00
  -5.4000000003725290e+00
  -5.1000000005587935e+00
  -6.0999999996274710e+00
  -7.4000000003725290e+00
  -8.2000000001862645e+00
  -9.5000000000000000e+00
  -8.6999999992549419e+00
  -8.7999999998137355e+00
  -8.4000000003725290e+00
  -8.6000000005587935e+00
  -1.0700000000186265e+01
  -1.2300000000745058e+01
  -1.2400000000372529e+01
  -1.2400000000372529e+01
  -1.1099999999627471e+01
  -9.8999999994412065e+00
  -8.9000000003725290e+00
  -9.5000000000000000e+00
  -1.0000000000000000e+01
  -1.0199999999254942e+01
  -9.6000000005587935e+00
  -8.0000000000000000e+00
  -5.9000000003725290e+00
  -3.7999999998137355e+00
  -2.4000000003725290e+00
  -3.5000000000000000e+00
  -4.0000000000000000e+00
  -4.8000000007450581e+00
  -4.8000000007450581e+00
  -3.0999999996274710e+00
  -2.5000000009313226e+00
  -1.4000000003725290e+00
  -9.0000000037252903e-01
  -1.7000000001862645e+00
  -2.9000000003725290e+00
  -4.2999999998137355e+00
  -4.2999999998137355e+00
  -3.5000000000000000e+00
  -3.6000000005587935e+00
  -2.4000000003725290e+00
  -3.0999999996274710e+00
  -3.5000000000000000e+00
  -5.2999999998137355e+00
  -6.7000000011175871e+00
  -6.2000000001862645e+00
  -5.5000000000000000e+00
  -5.0000000000000000e+00
  -5.4000000003725290e+00
  -6.3000000007450581e+00
  -7.7000000001862645e+00
  -9.0999999996274710e+00
  -9.3999999994412065e+00
  -9.2000000001862645e+00
  -8.9000000003725290e+00
  -8.6000000005587935e+00
  -8.9000000003725290e+00
  -9.3000000007450581e+00
  -9.8999999994412065e+00
  -1.1399999999441206e+01
  -1.1500000000000000e+01
  -1.1200000000186265e+01
  -1.0899999999441206e+01
  -1.0700000000186265e+01
  -1.1699999999254942e+01
  -1.2400000000372529e+01
  -1.2500000000000000e+01
  -1.2000000000931323e+01
  -1.1500000000000000e+01
  -7.4000000003725290e+00
  -6.9000000003725290e+00
  -4.4000000003725290e+00
  -3.0000000000000000e+00
  -4.2000000001862645e+00
  -4.0999999996274710e+00
  -5.2999999998137355e+00
  -2.7000000001862645e+00
  -1.2000000001862645e+00
  -6.9999999925494194e-01
   1.9999999925494194e-01
  -1.3000000007450581e+00
  -1.5999999996274710e+00
  -2.2999999998137355e+00
  -1.7000000001862645e+00
  -1.3000000007450581e+00
  -2.4000000003725290e+00
  -9.0000000037252903e-01
  -1.8999999994412065e+00
  -2.5999999996274710e+00
  -3.3999999994412065e+00
  -3.6999999992549419e+00
  -3.6999999992549419e+00
  -4.4999999990686774e+00
  -3.9000000003725290e+00
  -3.5000000000000000e+00
  -4.0000000000000000e+00
  -5.5999999996274710e+00
  -6.3999999994412065e+00
  -7.5999999996274710e+00
  -8.2000000001862645e+00
  -7.4999999990686774e+00
  -7.1999999992549419e+00
  -6.7999999998137355e+00
  -8.2000000001862645e+00
  -8.6999999992549419e+00
  -9.0999999996274710e+00
  -8.9999999990686774e+00
  -8.9999999990686774e+00
  -1.0000000000000000e+01
  -9.7000000001862645e+00
  -9.7000000001862645e+00
  -1.0599999999627471e+01
  -1.3100000000558794e+01
  -1.3199999999254942e+01
  -1.3500000000931323e+01
  -1.3199999999254942e+01
  -1.2099999999627471e+01
  -1.2500000000000000e+01
  -1.1699999999254942e+01
  -1.2700000000186265e+01
  -1.2799999998882413e+01
  -1.1900000000372529e+01
  -1.0500000000931323e+01
  -9.6000000005587935e+00
  -8.6000000005587935e+00
  -7.7000000001862645e+00
  -7.0000000000000000e+00
  -7.2999999998137355e+00
  -7.5999999996274710e+00
  -6.2000000001862645e+00
  -5.7999999998137355e+00
  -4.0000000000000000e+00
  -4.4999999990686774e+00
  -4.7000000001862645e+00
  -5.6999999992549419e+00
  -6.0999999996274710e+00
  -6.9000000003725290e+00
  -7.0000000000000000e+00
  -6.2000000001862645e+00
  -5.9999999990686774e+00
  -5.6999999992549419e+00
  -6.7999999998137355e+00
  -6.7000000011175871e+00
  -8.1000000005587935e+00
  -8.1000000005587935e+00
  -6.9000000003725290e+00
  -6.2000000001862645e+00
  -5.7999999998137355e+00
  -5.5999999996274710e+00
  -6.9000000003725290e+00
  -8.9000000003725290e+00
  -9.5000000000000000e+00
  -9.6000000005587935e+00
  -1.0100000000558794e+01
  -9.7000000001862645e+00
  -1.0599999999627471e+01
  -1.2000000000931323e+01
  -1.4699999999254942e+01
  -1.6799999999813735e+01
  -1.6799999999813735e+01
  -1.5700000000186265e+01
  -1.4399999999441206e+01
  -1.2500000000000000e+01
  -1.1200000000186265e+01
  -1.2300000000745058e+01
  -1.3299999999813735e+01
  -1.4099999999627471e+01
  -1.2799999998882413e+01
  -1.0700000000186265e+01
  -1.0400000000372529e+01
  -9.5000000000000000e+00
  -9.7999999998137355e+00
  -1.1200000000186265e+01
  -1.2500000000000000e+01
  -1.4099999999627471e+01
  -1.3700000000186265e+01
  -1.3100000000558794e+01
  -1.3800000000745058e+01
  -1.4600000000558794e+01
  -1.5599999999627471e+01
  -1.7600000000558794e+01
  -1.8299999999813735e+01
  -1.8299999999813735e+01
  -1.5700000000186265e+01
  -1.3400000000372529e+01
  -1.1399999999441206e+01
  -1.0700000000186265e+01
  -9.2000000001862645e+00
  -8.6999999992549419e+00
  -8.4000000003725290e+00
  -6.2000000001862645e+00
  -4.0000000000000000e+00
  -2.5999999996274710e+00
  -2.2999999998137355e+00
  -2.4000000003725290e+00
  -1.7000000001862645e+00
  -2.1999999992549419e+00
  -1.8999999994412065e+00
  -3.9999999944120646e-01
   5.9999999962747097e-01
   1.2999999998137355e+00
   1.0000000000000000e+00
   8.0000000074505806e-01
   8.9999999944120646e-01
   7.0000000018626451e-01
  -5.0000000000000000e-01
   0.0000000000000000e+00
  -9.9999999627470970e-02
  -1.0000000009313226e+00
  -2.7999999998137355e+00
  -4.4000000003725290e+00
  -5.5000000000000000e+00
  -7.4000000003725290e+00
  -8.4000000003725290e+00
  -8.7999999998137355e+00
  -9.7000000001862645e+00
  -1.0800000000745058e+01
  -1.3100000000558794e+01
  -1.3500000000931323e+01
  -1.3599999999627471e+01
  -1.3400000000372529e+01
  -1.2599999999627471e+01
  -1.1200000000186265e+01
  -1.0500000000931323e+01
  -1.1699999999254942e+01
  -1.2099999999627471e+01
  -1.2700000000186265e+01
  -1.3100000000558794e+01
  -1.2599999999627471e+01
  -1.1799999999813735e+01
  -9.7000000001862645e+00
  -8.7999999998137355e+00
  -1.0299999999813735e+01
  -9.8999999994412065e+00
  -1.0800000000745058e+01
  -1.0199999999254942e+01
  -8.2000000001862645e+00
  -5.5999999996274710e+00
  -3.5000000000000000e+00
  -2.4000000003725290e+00
  -3.0000000000000000e+00
  -4.2000000001862645e+00
  -4.8000000007450581e+00
  -4.2999999998137355e+00
  -3.9000000003725290e+00
  -2.4000000003725290e+00
  -1.5000000000000000e+00
  -1.8999999994412065e+00
  -3.6999999992549419e+00
  -5.2999999998137355e+00
  -6.0999999996274710e+00
  -5.5000000000000000e+00
  -5.6999999992549419e+00
  -5.2999999998137355e+00
  -6.6000000005587935e+00
  -7.5999999996274710e+00
  -9.8999999994412065e+00
  -1.1600000000558794e+01
  -1.2300000000745058e+01
  -1.2899999999441206e+01
  -1.3100000000558794e+01
  -1.3000000000000000e+01
  -1.3400000000372529e+01
  -1.4399999999441206e+01
  -1.6199999999254942e+01
  -1.6999999999068677e+01
  -1.7300000000745058e+01
  -1.6700000000186265e+01
  -1.6599999999627471e+01
  -1.5500000000000000e+01
  -1.4699999999254942e+01
  -1.5400000000372529e+01
  -1.6199999999254942e+01
  -1.6100000000558794e+01
  -1.4600000000558794e+01
  -1.3199999999254942e+01
  -1.2300000000745058e+01
  -1.1000000000000000e+01
  -8.6000000005587935e+00
  -8.6999999992549419e+00
  -8.7999999998137355e+00
  -8.1000000005587935e+00
  -6.3000000007450581e+00
  -5.6999999992549419e+00
  -5.0000000000000000e+00
  -4.0999999996274710e+00
  -3.7999999998137355e+00
  -4.8999999994412065e+00
  -5.9999999990686774e+00
  -6.0999999996274710e+00
  -5.9000000003725290e+00
  -6.5000000000000000e+00
  -5.5999999996274710e+00
  -5.9000000003725290e+00
  -7.1999999992549419e+00
  -8.9999999990686774e+00
  -9.8999999994412065e+00
  -9.7000000001862645e+00
  -9.0999999996274710e+00
  -9.3000000007450581e+00
  -8.1000000005587935e+00
  -8.9999999990686774e+00
  -1.0400000000372529e+01
  -1.1900000000372529e+01
  -1.1399999999441206e+01
  -1.0100000000558794e+01
  -8.5000000000000000e+00
  -7.5999999996274710e+00
  -6.3000000007450581e+00
  -5.7999999998137355e+00
  -5.9999999990686774e+00
  -6.6000000005587935e+00
  -5.9000000003725290e+00
  -5.0000000000000000e+00
  -4.5999999996274710e+00
  -4.0999999996274710e+00
  -4.0000000000000000e+00
  -4.2999999998137355e+00
  -5.9000000003725290e+00
  -6.2000000001862645e+00
  -5.6999999992549419e+00
  -5.2999999998137355e+00
  -4.4000000003725290e+00
  -4.2999999998137355e+00
  -4.2000000001862645e+00
  -4.0000000000000000e+00
  -6.0999999996274710e+00
  -5.9000000003725290e+00
  -6.0999999996274710e+00
  -5.2000000011175871e+00
  -4.2999999998137355e+00
  -5.2999999998137355e+00
  -5.9000000003725290e+00
  -6.3999999994412065e+00
  -7.1999999992549419e+00
  -6.7000000011175871e+00
  -5.5999999996274710e+00
  -5.2000000011175871e+00
  -4.4000000003725290e+00
  -4.5999999996274710e+00
  -5.7999999998137355e+00
  -5.7999999998137355e+00
  -6.7999999998137355e+00
  -6.7999999998137355e+00
  -5.5000000000000000e+00
  -5.5999999996274710e+00
  -5.1000000005587935e+00
  -5.2999999998137355e+00
  -6.0999999996274710e+00
  -6.0999999996274710e+00
  -6.5000000000000000e+00
  -5.9000000003725290e+00
  -5.1000000005587935e+00
  -4.2999999998137355e+00
  -4.8999999994412065e+00
  -6.7000000011175871e+00
  -6.7000000011175871e+00
  -7.5999999996274710e+00
  -7.5999999996274710e+00
  -8.2000000001862645e+00
  -7.0999999996274710e+00
  -7.8000000007450581e+00
  -8.9000000003725290e+00
  -1.0899999999441206e+01
  -1.2300000000745058e+01
  -1.2500000000000000e+01
  -1.3000000000000000e+01
  -1.3500000000931323e+01
  -1.2700000000186265e+01
  -1.2500000000000000e+01
  -1.3199999999254942e+01
  -1.4399999999441206e+01
  -1.5299999999813735e+01
  -1.5400000000372529e+01
  -1.5800000000745058e+01
  -1.6100000000558794e+01
  -1.5400000000372529e+01
  -1.6400000000372529e+01
  -1.7099999999627471e+01
  -1.7799999999813735e+01
  -1.8400000000372529e+01
  -1.7900000000372529e+01
  -1.7200000000186265e+01
  -1.5599999999627471e+01
  -1.3800000000745058e+01
  -1.3700000000186265e+01
  -1.4500000000000000e+01
  -1.3800000000745058e+01
  -1.3000000000000000e+01
  -1.1699999999254942e+01
  -1.0500000000931323e+01
  -9.3999999994412065e+00
  -8.6000000005587935e+00
  -8.6999999992549419e+00
  -9.3999999994412065e+00
  -9.3000000007450581e+00
  -8.2000000001862645e+00
  -6.9000000003725290e+00
  -5.0000000000000000e+00
  -4.0000000000000000e+00
  -4.4000000003725290e+00
  -4.7000000001862645e+00
  -5.2000000011175871e+00
  -4.0999999996274710e+00
  -3.0999999996274710e+00
  -1.8999999994412065e+00
  -1.0999999996274710e+00
  -1.0999999996274710e+00
  -1.5999999996274710e+00
  -2.7999999998137355e+00
  -2.9000000003725290e+00
  -2.5999999996274710e+00
  -1.8999999994412065e+00
  -1.3000000007450581e+00
  -1.2000000001862645e+00
  -1.8999999994412065e+00
  -4.2000000001862645e+00
  -5.2000000011175871e+00
  -5.9000000003725290e+00
  -6.0999999996274710e+00
  -6.0999999996274710e+00
  -6.5000000000000000e+00
  -6.2000000001862645e+00
  -7.4999999990686774e+00
  -1.0800000000745058e+01
  -1.2099999999627471e+01
  -1.1900000000372529e+01
  -1.2599999999627471e+01
  -1.2700000000186265e+01
  -1.3000000000000000e+01
  -1.3800000000745058e+01
  -1.4399999999441206e+01
  -1.5899999999441206e+01
  -1.5800000000745058e+01
  -1.4200000000186265e+01
  -1.3100000000558794e+01
  -1.2599999999627471e+01
  -1.2000000000931323e+01
  -1.2599999999627471e+01
  -1.2599999999627471e+01
  -1.4000000000000000e+01
  -1.3100000000558794e+01
  -1.1500000000000000e+01
  -1.0100000000558794e+01
  -9.3999999994412065e+00
  -8.6999999992549419e+00
  -8.9000000003725290e+00
  -9.8999999994412065e+00
  -1.0199999999254942e+01
  -8.6999999992549419e+00
  -7.0999999996274710e+00
  -6.6000000005587935e+00
  -6.7999999998137355e+00
  -6.7000000011175871e+00
  -7.0999999996274710e+00
  -7.7000000001862645e+00
  -7.0000000000000000e+00
  -5.5999999996274710e+00
  -3.9000000003725290e+00
  -4.5999999996274710e+00
  -5.2999999998137355e+00
  -5.2999999998137355e+00
  -6.0999999996274710e+00
  -7.0000000000000000e+00
  -6.5000000000000000e+00
  -6.2000000001862645e+00
  -5.9000000003725290e+00
  -5.5000000000000000e+00
  -5.4000000003725290e+00
  -5.4000000003725290e+00
  -6.2000000001862645e+00
  -6.5000000000000000e+00
  -6.3999999994412065e+00
  -5.2000000011175871e+00
  -4.7000000001862645e+00
  -4.4999999990686774e+00
  -5.2000000011175871e+00
  -5.5000000000000000e+00
  -6.3000000007450581e+00
  -6.9000000003725290e+00
  -5.2000000011175871e+00
  -4.2999999998137355e+00
  -4.0000000000000000e+00
  -3.6000000005587935e+00
  -3.3999999994412065e+00
  -3.6999999992549419e+00
  -3.3999999994412065e+00
  -3.2000000001862645e+00
  -2.2999999998137355e+00
  -1.8999999994412065e+00
  -1.0000000009313226e+00
  -6.0000000055879354e-01
  -1.5999999996274710e+00
  -2.1000000005587935e+00
  -3.0999999996274710e+00
  -3.3000000007450581e+00
  -2.5999999996274710e+00
  -1.5000000000000000e+00
  -1.4000000003725290e+00
  -1.5999999996274710e+00
  -2.7999999998137355e+00
  -2.7999999998137355e+00
  -1.5999999996274710e+00
  -1.5999999996274710e+00
  -5.0000000000000000e-01
  -9.9999999627470970e-02
  -6.9999999925494194e-01
  -1.4000000003725290e+00
  -2.7999999998137355e+00
  -2.7000000001862645e+00
  -2.5999999996274710e+00
  -2.1000000005587935e+00
  -2.0000000000000000e+00
  -1.7999999988824129e+00
  -2.7000000001862645e+00
  -3.6999999992549419e+00
  -3.6999999992549419e+00
  -4.0999999996274710e+00
  -3.7999999998137355e+00
  -4.4000000003725290e+00
  -4.4999999990686774e+00
  -5.5999999996274710e+00
  -6.9000000003725290e+00
  -7.8999999994412065e+00
  -8.7999999998137355e+00
  -8.6999999992549419e+00
  -9.5000000000000000e+00
  -1.0700000000186265e+01
  -1.1299999999813735e+01
  -1.2500000000000000e+01
  -1.4000000000000000e+01
  -1.5400000000372529e+01
  -1.5400000000372529e+01
  -1.4699999999254942e+01
  -1.3900000000372529e+01
  -1.4099999999627471e+01
  -1.3400000000372529e+01
  -1.3299999999813735e+01
  -1.3800000000745058e+01
  -1.3299999999813735e+01
  -1.2300000000745058e+01
  -1.1799999999813735e+01
  -1.1900000000372529e+01
  -1.2300000000745058e+01
  -1.2400000000372529e+01
  -1.3400000000372529e+01
  -1.4200000000186265e+01
  -1.3700000000186265e+01
  -1.3000000000000000e+01
  -1.3199999999254942e+01
  -1.2700000000186265e+01
  -1.1500000000000000e+01
  -1.0800000000745058e+01
  -1.1200000000186265e+01
  -9.7000000001862645e+00
  -8.0000000000000000e+00
  -7.4000000003725290e+00
  -6.3999999994412065e+00
  -5.9000000003725290e+00
  -4.8999999994412065e+00
  -5.0000000000000000e+00
  -4.5999999996274710e+00
  -3.0999999996274710e+00
  -2.5999999996274710e+00
  -1.5000000000000000e+00
  -1.7999999988824129e+00
  -2.1999999992549419e+00
  -1.8999999994412065e+00
  -2.5000000009313226e+00
  -1.8999999994412065e+00
  -1.8999999994412065e+00
  -2.1000000005587935e+00
  -2.2999999998137355e+00
  -2.5000000009313226e+00
  -2.9000000003725290e+00
  -3.7999999998137355e+00
  -4.0999999996274710e+00
  -4.8999999994412065e+00
  -3.7999999998137355e+00
  -4.8999999994412065e+00
  -5.2000000011175871e+00
  -5.9999999990686774e+00
  -6.9000000003725290e+00
  -7.7000000001862645e+00
  -7.5999999996274710e+00
  -6.6000000005587935e+00
  -5.6999999992549419e+00
  -6.2000000001862645e+00
  -6.7000000011175871e+00
  -6.3999999994412065e+00
  -6.7999999998137355e+00
  -7.2999999998137355e+00
  -7.4000000003725290e+00
  -6.3999999994412065e+00
  -5.5999999996274710e+00
  -5.5999999996274710e+00
  -5.1000000005587935e+00
  -6.2000000001862645e+00
  -6.6000000005587935e+00
  -6.7000000011175871e+00
  -6.3000000007450581e+00
  -5.2000000011175871e+00
  -4.8999999994412065e+00
  -5.2999999998137355e+00
  -5.4000000003725290e+00
  -5.6999999992549419e+00
  -5.2000000011175871e+00
  -4.4999999990686774e+00
  -4.5999999996274710e+00
  -3.6000000005587935e+00
  -3.2000000001862645e+00
  -3.9000000003725290e+00
  -4.2999999998137355e+00
  -4.4999999990686774e+00
  -4.4000000003725290e+00
  -4.5999999996274710e+00
  -4.4999999990686774e+00
  -4.0000000000000000e+00
  -5.2999999998137355e+00
  -5.9999999990686774e+00
  -7.0999999996274710e+00
  -7.8000000007450581e+00
  -6.5000000000000000e+00
  -5.9999999990686774e+00
  -5.2000000011175871e+00
  -5.2000000011175871e+00
  -5.5999999996274710e+00
  -7.0999999996274710e+00
  -6.9000000003725290e+00
  -6.7000000011175871e+00
  -7.0999999996274710e+00
  -7.0000000000000000e+00
  -6.7000000011175871e+00
  -7.8000000007450581e+00
  -8.9000000003725290e+00
  -9.7999999998137355e+00
  -1.0299999999813735e+01
  -1.0000000000000000e+01
  -9.7000000001862645e+00
  -9.3999999994412065e+00
  -1.0599999999627471e+01
  -1.1500000000000000e+01
  -1.2799999998882413e+01
  -1.3400000000372529e+01
  -1.4200000000186265e+01
  -1.3900000000372529e+01
  -1.4099999999627471e+01
  -1.4099999999627471e+01
  -1.4799999999813735e+01
  -1.6000000000000000e+01
  -1.6599999999627471e+01
  -1.6599999999627471e+01
  -1.5500000000000000e+01
  -1.4000000000000000e+01
  -1.2899999999441206e+01
  -1.2700000000186265e+01
  -1.2400000000372529e+01
  -1.2899999999441206e+01
  -1.3000000000000000e+01
  -1.3100000000558794e+01
  -1.1699999999254942e+01
  -1.1000000000000000e+01
  -9.5000000000000000e+00
  -9.7000000001862645e+00
  -9.7999999998137355e+00
  -8.9000000003725290e+00
  -8.9000000003725290e+00
  -8.0000000000000000e+00
  -6.6000000005587935e+00
  -5.2999999998137355e+00
  -4.0999999996274710e+00
  -4.5999999996274710e+00
  -4.4999999990686774e+00
  -4.2999999998137355e+00
  -4.5999999996274710e+00
  -4.4000000003725290e+00
  -3.6999999992549419e+00
  -2.9000000003725290e+00
  -3.3000000007450581e+00
  -4.7000000001862645e+00
  -6.3999999994412065e+00
  -6.3999999994412065e+00
  -6.9000000003725290e+00
  -6.2000000001862645e+00
  -4.4999999990686774e+00
  -4.0999999996274710e+00
  -4.4000000003725290e+00
  -5.0000000000000000e+00
  -5.6999999992549419e+00
  -5.0000000000000000e+00
  -4.4999999990686774e+00
  -3.7999999998137355e+00
  -2.0000000000000000e+00
  -6.0000000055879354e-01
  -1.0999999996274710e+00
  -1.8999999994412065e+00
  -2.9000000003725290e+00
  -3.0999999996274710e+00
  -1.7000000001862645e+00
  -2.0000000018626451e-01
   1.5000000000000000e+00
   1.9999999990686774e+00
   8.0000000074505806e-01
  -2.9999999888241291e-01
  -2.0000000000000000e+00
  -2.0000000000000000e+00
  -1.4000000003725290e+00
   1.9999999925494194e-01
   1.2999999998137355e+00
   1.2000000001862645e+00
  -2.9999999888241291e-01
  -2.1000000005587935e+00
  -3.0999999996274710e+00
  -3.7999999998137355e+00
  -4.0000000000000000e+00
  -3.5000000000000000e+00
  -4.0000000000000000e+00
  -5.6999999992549419e+00
  -8.0000000000000000e+00
  -1.1200000000186265e+01
  -1.3500000000931323e+01
  -1.4299999998882413e+01
  -1.5200000000186265e+01
  -1.6900000000372529e+01
  -1.7500000000000000e+01
  -2.0799999999813735e+01
  -2.4599999999627471e+01
  -2.7100000000558794e+01
  -2.7500000000931323e+01
  -2.6599999999627471e+01
  -2.5699999999254942e+01
  -2.4900000000372529e+01
  -2.3799999999813735e+01
  -2.3799999999813735e+01
  -2.4700000000186265e+01
  -2.3799999999813735e+01
  -2.2299999999813735e+01
  -1.9200000001117587e+01
  -1.6599999999627471e+01
  -1.3800000000745058e+01
  -1.2400000000372529e+01
  -1.2099999999627471e+01
  -1.1600000000558794e+01
  -9.7000000001862645e+00
  -8.0000000000000000e+00
  -4.7000000001862645e+00
  -3.0000000000000000e+00
  -6.0000000055879354e-01
   9.9999999627470970e-02
  -6.9999999925494194e-01
  -2.0000000018626451e-01
   1.1000000005587935e+00
   3.4000000003725290e+00
   5.0000000009313226e+00
   5.4000000003725290e+00
   4.6000000005587935e+00
   3.2999999998137355e+00
   1.7999999998137355e+00
   1.0000000000000000e+00
   1.7999999998137355e+00
   1.5000000000000000e+00
   1.4000000003725290e+00
   4.0000000037252903e-01
  -7.9999999981373549e-01
  -1.2000000001862645e+00
  -2.7000000001862645e+00
  -4.0999999996274710e+00
  -4.2000000001862645e+00
  -4.0000000000000000e+00
  -4.2999999998137355e+00
  -4.2999999998137355e+00
  -4.2000000001862645e+00
  -4.2000000001862645e+00
  -5.4000000003725290e+00
  -6.2000000001862645e+00
  -6.3000000007450581e+00
  -5.5000000000000000e+00
  -5.2000000011175871e+00
  -4.2000000001862645e+00
  -3.9000000003725290e+00
  -4.2999999998137355e+00
  -5.0000000000000000e+00
  -5.4000000003725290e+00
  -5.4000000003725290e+00
  -5.9000000003725290e+00
  -6.7000000011175871e+00
  -7.0999999996274710e+00
  -7.4999999990686774e+00
  -9.0999999996274710e+00
  -9.7000000001862645e+00
  -1.0700000000186265e+01
  -1.1600000000558794e+01
  -1.1299999999813735e+01
  -1.1699999999254942e+01
  -1.2200000000186265e+01
  -1.1699999999254942e+01
  -1.2799999998882413e+01
  -1.3100000000558794e+01
  -1.3100000000558794e+01
  -1.4000000000000000e+01
  -1.4299999998882413e+01
  -1.3800000000745058e+01
  -1.3400000000372529e+01
  -1.1500000000000000e+01
  -1.2300000000745058e+01
  -1.2899999999441206e+01
  -1.2599999999627471e+01
  -1.2700000000186265e+01
  -1.3100000000558794e+01
  -1.4099999999627471e+01
  -1.5899999999441206e+01
  -1.5800000000745058e+01
  -1.6400000000372529e+01
  -1.7200000000186265e+01
  -1.6199999999254942e+01
  -1.5400000000372529e+01
  -1.4299999998882413e+01
  -1.4299999998882413e+01
  -1.4500000000000000e+01
  -1.4000000000000000e+01
  -1.4200000000186265e+01
  -1.4399999999441206e+01
  -1.4299999998882413e+01
  -1.4099999999627471e+01
  -1.4200000000186265e+01
  -1.5099999999627471e+01
  -1.6199999999254942e+01
  -1.6599999999627471e+01
  -1.7099999999627471e+01
  -1.8199999999254942e+01
  -1.6900000000372529e+01
  -1.5800000000745058e+01
  -1.6000000000000000e+01
  -1.6400000000372529e+01
  -1.6500000000000000e+01
  -1.5299999999813735e+01
  -1.4900000000372529e+01
  -1.4799999999813735e+01
  -1.3599999999627471e+01
  -1.2599999999627471e+01
  -1.2200000000186265e+01
  -1.2599999999627471e+01
  -1.1699999999254942e+01
  -1.1399999999441206e+01
  -1.1000000000000000e+01
  -1.0199999999254942e+01
  -9.7999999998137355e+00
  -9.0999999996274710e+00
  -8.2000000001862645e+00
  -7.7000000001862645e+00
  -8.0000000000000000e+00
  -7.7000000001862645e+00
  -7.4999999990686774e+00
  -6.7999999998137355e+00
  -5.0000000000000000e+00
  -4.4000000003725290e+00
  -3.9000000003725290e+00
  -2.5999999996274710e+00
  -2.5000000009313226e+00
  -2.7000000001862645e+00
  -2.4000000003725290e+00
  -2.5999999996274710e+00
  -2.7000000001862645e+00
  -2.7000000001862645e+00
  -4.0000000000000000e+00
  -4.4999999990686774e+00
  -5.7999999998137355e+00
  -7.1999999992549419e+00
  -8.4000000003725290e+00
  -9.5000000000000000e+00
  -1.0500000000931323e+01
  -1.1200000000186265e+01
  -1.2799999998882413e+01
  -1.3199999999254942e+01
  -1.2500000000000000e+01
  -1.1699999999254942e+01
  -1.1900000000372529e+01
  -1.2099999999627471e+01
  -1.3100000000558794e+01
  -1.3800000000745058e+01
  -1.4799999999813735e+01
  -1.4900000000372529e+01
  -1.4500000000000000e+01
  -1.3700000000186265e+01
  -1.3199999999254942e+01
  -1.3199999999254942e+01
  -1.3400000000372529e+01
  -1.3800000000745058e+01
  -1.3800000000745058e+01
  -1.3199999999254942e+01
  -1.1399999999441206e+01
  -1.0700000000186265e+01
  -1.0700000000186265e+01
  -1.1200000000186265e+01
  -1.1200000000186265e+01
  -1.0700000000186265e+01
  -1.0500000000931323e+01
  -1.0100000000558794e+01
  -9.2000000001862645e+00
  -8.7999999998137355e+00
  -9.0999999996274710e+00
  -9.3999999994412065e+00
  -9.6000000005587935e+00
  -8.7999999998137355e+00
  -7.8000000007450581e+00
  -6.3999999994412065e+00
  -5.4000000003725290e+00
  -4.8000000007450581e+00
  -4.4999999990686774e+00
  -5.2000000011175871e+00
  -4.4000000003725290e+00
  -4.0999999996274710e+00
  -2.7000000001862645e+00
  -1.5999999996274710e+00
  -1.5000000000000000e+00
  -1.0000000009313226e+00
  -1.2000000001862645e+00
  -2.0000000000000000e+00
  -2.0000000000000000e+00
  -9.0000000037252903e-01
   1.2999999998137355e+00
   2.0999999996274710e+00
   1.6999999992549419e+00
   1.2999999998137355e+00
   8.9999999944120646e-01
   0.0000000000000000e+00
   1.9999999925494194e-01
   7.0000000018626451e-01
   1.1000000005587935e+00
   8.9999999944120646e-01
  -5.0000000000000000e-01
  -2.2999999998137355e+00
  -4.0000000000000000e+00
  -5.2000000011175871e+00
  -4.2000000001862645e+00
  -3.9000000003725290e+00
  -2.7999999998137355e+00
  -4.0999999996274710e+00
  -5.5000000000000000e+00
  -7.4999999990686774e+00
  -8.6999999992549419e+00
  -8.9000000003725290e+00
  -7.4000000003725290e+00
  -5.6999999992549419e+00
  -5.9000000003725290e+00
  -5.9999999990686774e+00
  -7.5999999996274710e+00
  -9.3000000007450581e+00
  -9.6000000005587935e+00
  -9.3000000007450581e+00
  -8.1000000005587935e+00
  -7.0000000000000000e+00
  -7.0000000000000000e+00
  -7.5999999996274710e+00
  -9.3999999994412065e+00
  -1.1099999999627471e+01
  -1.0800000000745058e+01
  -9.6000000005587935e+00
  -8.6000000005587935e+00
  -8.2000000001862645e+00
  -7.7000000001862645e+00
  -9.3999999994412065e+00
  -1.1200000000186265e+01
  -1.1699999999254942e+01
  -1.1399999999441206e+01
  -1.0400000000372529e+01
  -9.6000000005587935e+00
  -8.1000000005587935e+00
  -8.2000000001862645e+00
  -9.5000000000000000e+00
  -9.7999999998137355e+00
  -9.7999999998137355e+00
  -7.4000000003725290e+00
  -5.0000000000000000e+00
  -2.5000000009313226e+00
  -2.0000000000000000e+00
  -3.3000000007450581e+00
  -4.4999999990686774e+00
  -5.9999999990686774e+00
  -6.5000000000000000e+00
  -4.8999999994412065e+00
  -2.9000000003725290e+00
  -1.5000000000000000e+00
  -1.5000000000000000e+00
  -3.2000000001862645e+00
  -5.5999999996274710e+00
  -7.2999999998137355e+00
  -7.2999999998137355e+00
  -7.0000000000000000e+00
  -5.9999999990686774e+00
  -6.3999999994412065e+00
  -7.4999999990686774e+00
  -9.6000000005587935e+00
  -1.2000000000931323e+01
  -1.2700000000186265e+01
  -1.1699999999254942e+01
  -1.1000000000000000e+01
  -1.0199999999254942e+01
  -1.0700000000186265e+01
  -1.2300000000745058e+01
  -1.3800000000745058e+01
  -1.6299999999813735e+01
  -1.6999999999068677e+01
  -1.6400000000372529e+01
  -1.5700000000186265e+01
  -1.4900000000372529e+01
  -1.5599999999627471e+01
  -1.6299999999813735e+01
  -1.6700000000186265e+01
  -1.7300000000745058e+01
  -1.5400000000372529e+01
  -1.2700000000186265e+01
  -9.8999999994412065e+00
  -7.7000000001862645e+00
  -7.1999999992549419e+00
  -8.0000000000000000e+00
  -9.0999999996274710e+00
  -8.9000000003725290e+00
  -6.5000000000000000e+00
  -4.4000000003725290e+00
  -2.0000000000000000e+00
  -1.7000000001862645e+00
  -1.8999999994412065e+00
  -2.7000000001862645e+00
  -4.2000000001862645e+00
  -3.7999999998137355e+00
  -2.0000000000000000e+00
  -3.9999999944120646e-01
   1.9999999925494194e-01
  -1.0999999996274710e+00
  -2.1999999992549419e+00
  -3.7999999998137355e+00
  -4.8999999994412065e+00
  -5.2000000011175871e+00
  -4.8999999994412065e+00
  -4.8999999994412065e+00
  -5.6999999992549419e+00
  -6.9000000003725290e+00
  -9.2000000001862645e+00
  -1.1200000000186265e+01
  -1.2099999999627471e+01
  -1.2500000000000000e+01
  -1.1399999999441206e+01
  -1.1200000000186265e+01
  -1.1099999999627471e+01
  -1.1099999999627471e+01
  -1.1600000000558794e+01
  -1.2400000000372529e+01
  -1.2500000000000000e+01
  -1.1399999999441206e+01
  -1.1000000000000000e+01
  -1.2200000000186265e+01
  -1.2200000000186265e+01
  -1.2599999999627471e+01
  -1.3299999999813735e+01
  -1.2899999999441206e+01
  -1.2500000000000000e+01
  -1.0500000000931323e+01
  -9.2000000001862645e+00
  -8.5000000000000000e+00
  -7.8000000007450581e+00
  -7.7000000001862645e+00
  -7.4999999990686774e+00
  -7.1999999992549419e+00
  -6.7000000011175871e+00
  -5.7999999998137355e+00
  -5.1000000005587935e+00
  -4.8999999994412065e+00
  -5.5999999996274710e+00
  -6.2000000001862645e+00
  -6.5000000000000000e+00
  -6.6000000005587935e+00
  -6.5000000000000000e+00
  -6.7000000011175871e+00
  -6.5000000000000000e+00
  -7.4999999990686774e+00
  -8.5000000000000000e+00
  -9.3000000007450581e+00
  -9.0999999996274710e+00
  -1.0100000000558794e+01
  -1.0800000000745058e+01
  -1.0899999999441206e+01
  -1.1900000000372529e+01
  -1.3700000000186265e+01
  -1.5200000000186265e+01
  -1.6700000000186265e+01
  -1.7300000000745058e+01
  -1.8000000000000000e+01
  -1.9299999999813735e+01
  -2.0300000000745058e+01
  -2.1299999999813735e+01
  -2.3200000000186265e+01
  -2.5099999999627471e+01
  -2.5699999999254942e+01
  -2.5600000000558794e+01
  -2.6200000000186265e+01
  -2.5500000000000000e+01
  -2.5600000000558794e+01
  -2.6200000000186265e+01
  -2.7100000000558794e+01
  -2.7500000000931323e+01
  -2.6300000000745058e+01
  -2.5299999998882413e+01
  -2.4599999999627471e+01
  -2.2900000000372529e+01
  -2.1299999999813735e+01
  -2.1599999999627471e+01
  -2.1299999999813735e+01
  -2.0200000000186265e+01
  -1.8099999999627471e+01
  -1.5599999999627471e+01
  -1.3599999999627471e+01
  -1.1699999999254942e+01
  -1.0599999999627471e+01
  -1.1200000000186265e+01
  -1.0299999999813735e+01
  -8.7999999998137355e+00
  -6.7000000011175871e+00
  -4.5999999996274710e+00
  -3.0000000000000000e+00
  -1.4000000003725290e+00
  -2.1999999992549419e+00
  -2.9000000003725290e+00
  -3.3000000007450581e+00
  -1.5999999996274710e+00
   2.9999999981373549e-01
   1.1000000005587935e+00
   2.2000000001862645e+00
   1.6000000005587935e+00
   4.0000000037252903e-01
  -9.0000000037252903e-01
  -5.0000000000000000e-01
   4.9999999906867743e-01
   1.1000000005587935e+00
   1.6999999992549419e+00
   1.2000000001862645e+00
  -5.0000000000000000e-01
  -2.1999999992549419e+00
  -3.7999999998137355e+00
  -3.0000000000000000e+00
  -2.2999999998137355e+00
  -2.5999999996274710e+00
  -4.0000000000000000e+00
  -5.0000000000000000e+00
  -6.9000000003725290e+00
  -8.6999999992549419e+00
  -9.5000000000000000e+00
  -8.5000000000000000e+00
  -8.4000000003725290e+00
  -8.6000000005587935e+00
  -8.6000000005587935e+00
  -9.6000000005587935e+00
  -9.7000000001862645e+00
  -9.0999999996274710e+00
  -8.2999999998137355e+00
  -6.9000000003725290e+00
  -6.6000000005587935e+00
  -6.0999999996274710e+00
  -6.7000000011175871e+00
  -8.1000000005587935e+00
  -7.7000000001862645e+00
  -7.1999999992549419e+00
  -6.3999999994412065e+00
  -4.8999999994412065e+00
  -3.5000000000000000e+00
  -3.3000000007450581e+00
  -4.2000000001862645e+00
  -5.2000000011175871e+00
  -5.5999999996274710e+00
  -5.0000000000000000e+00
  -4.4999999990686774e+00
  -3.3999999994412065e+00
  -3.0999999996274710e+00
  -3.5000000000000000e+00
  -5.1000000005587935e+00
  -5.2000000011175871e+00
  -5.5000000000000000e+00
  -5.1000000005587935e+00
  -4.0999999996274710e+00
  -2.9000000003725290e+00
  -1.3000000007450581e+00
  -1.2000000001862645e+00
  -1.5000000000000000e+00
  -1.7999999988824129e+00
  -1.7000000001862645e+00
  -1.2000000001862645e+00
  -9.0000000037252903e-01
   0.0000000000000000e+00
   9.9999999627470970e-02
  -2.0000000018626451e-01
  -1.8999999994412065e+00
  -2.7999999998137355e+00
  -3.6000000005587935e+00
  -4.4000000003725290e+00
  -4.4999999990686774e+00
  -5.2999999998137355e+00
  -5.6999999992549419e+00
  -7.4999999990686774e+00
  -1.0199999999254942e+01
  -1.1699999999254942e+01
  -1.2300000000745058e+01
  -1.2500000000000000e+01
  -1.2300000000745058e+01
  -1.2899999999441206e+01
  -1.4000000000000000e+01
  -1.4900000000372529e+01
  -1.6799999999813735e+01
  -1.8099999999627471e+01
  -1.8099999999627471e+01
  -1.7300000000745058e+01
  -1.6799999999813735e+01
  -1.7500000000000000e+01
  -1.7600000000558794e+01
  -1.8599999999627471e+01
  -1.9200000001117587e+01
  -1.8199999999254942e+01
  -1.6100000000558794e+01
  -1.4099999999627471e+01
  -1.2799999998882413e+01
  -1.1699999999254942e+01
  -1.0899999999441206e+01
  -1.0400000000372529e+01
  -1.0199999999254942e+01
  -8.5000000000000000e+00
  -6.5000000000000000e+00
  -6.3000000007450581e+00
  -5.5999999996274710e+00
  -5.2999999998137355e+00
  -5.4000000003725290e+00
  -4.8999999994412065e+00
  -4.8000000007450581e+00
  -3.6999999992549419e+00
  -3.0999999996274710e+00
  -2.7000000001862645e+00
  -3.2000000001862645e+00
  -3.3999999994412065e+00
  -3.0000000000000000e+00
  -3.5000000000000000e+00
  -3.5000000000000000e+00
  -3.3999999994412065e+00
  -3.3000000007450581e+00
  -3.9000000003725290e+00
  -5.2000000011175871e+00
  -5.9000000003725290e+00
  -7.1999999992549419e+00
  -8.2999999998137355e+00
  -1.0199999999254942e+01
  -1.1099999999627471e+01
  -1.1600000000558794e+01
  -1.4099999999627471e+01
  -1.6100000000558794e+01
  -1.8700000000186265e+01
  -1.9599999999627471e+01
  -2.2200000000186265e+01
  -2.3700000000186265e+01
  -2.3300000000745058e+01
  -2.2699999999254942e+01
  -2.2399999999441206e+01
  -2.2399999999441206e+01
  -2.2500000000000000e+01
  -2.2200000000186265e+01
  -2.2600000000558794e+01
  -2.1800000000745058e+01
  -2.0600000000558794e+01
  -1.8499999999068677e+01
  -1.6700000000186265e+01
  -1.5700000000186265e+01
  -1.5099999999627471e+01
  -1.4399999999441206e+01
  -1.3500000000931323e+01
  -1.2300000000745058e+01
  -8.9000000003725290e+00
  -6.9000000003725290e+00
  -5.4000000003725290e+00
  -4.4999999990686774e+00
  -3.6999999992549419e+00
  -3.6000000005587935e+00
  -3.9000000003725290e+00
  -3.0999999996274710e+00
  -1.5000000000000000e+00
   1.9999999925494194e-01
   4.9999999906867743e-01
   1.1000000005587935e+00
   1.9999999925494194e-01
  -3.9999999944120646e-01
  -1.0999999996274710e+00
  -1.0000000009313226e+00
   2.9999999981373549e-01
   4.0000000037252903e-01
   0.0000000000000000e+00
   2.9999999981373549e-01
  -2.0000000018626451e-01
  -1.8999999994412065e+00
  -1.5999999996274710e+00
  -1.8999999994412065e+00
  -6.9999999925494194e-01
  -9.0000000037252903e-01
  -2.1000000005587935e+00
  -1.7999999988824129e+00
  -3.3999999994412065e+00
  -6.9000000003725290e+00
  -7.8999999994412065e+00
  -8.5000000000000000e+00
  -8.9000000003725290e+00
  -9.8999999994412065e+00
  -1.1399999999441206e+01
  -1.2099999999627471e+01
  -1.2599999999627471e+01
  -1.5400000000372529e+01
  -1.6100000000558794e+01
  -1.6100000000558794e+01
  -1.6700000000186265e+01
  -1.7099999999627471e+01
  -1.7900000000372529e+01
  -1.8599999999627471e+01
  -1.8199999999254942e+01
  -1.9299999999813735e+01
  -1.9500000000000000e+01
  -1.8499999999068677e+01
  -1.9200000001117587e+01
  -1.9100000000558794e+01
  -1.8099999999627471e+01
  -1.6199999999254942e+01
  -1.3599999999627471e+01
  -1.3500000000931323e+01
  -1.1600000000558794e+01
  -1.0199999999254942e+01
  -1.0599999999627471e+01
  -1.0000000000000000e+01
  -9.7000000001862645e+00
  -8.6999999992549419e+00
  -7.5999999996274710e+00
  -7.0999999996274710e+00
  -7.5999999996274710e+00
  -7.4999999990686774e+00
  -8.0000000000000000e+00
  -8.4000000003725290e+00
  -7.7000000001862645e+00
  -6.9000000003725290e+00
  -5.2000000011175871e+00
  -4.2999999998137355e+00
  -4.5999999996274710e+00
  -4.5999999996274710e+00
  -5.6999999992549419e+00
  -7.4999999990686774e+00
  -7.4999999990686774e+00
  -7.4999999990686774e+00
  -7.4999999990686774e+00
  -8.2000000001862645e+00
  -9.3000000007450581e+00
  -1.0299999999813735e+01
  -1.2099999999627471e+01
  -1.3700000000186265e+01
  -1.4500000000000000e+01
  -1.4099999999627471e+01
  -1.4000000000000000e+01
  -1.3000000000000000e+01
  -1.3000000000000000e+01
  -1.2099999999627471e+01
  -1.2300000000745058e+01
  -1.2000000000931323e+01
  -1.1000000000000000e+01
  -9.7999999998137355e+00
  -9.8999999994412065e+00
  -9.3000000007450581e+00
  -8.7999999998137355e+00
  -8.4000000003725290e+00
  -8.0000000000000000e+00
  -8.0000000000000000e+00
  -7.1999999992549419e+00
  -6.6000000005587935e+00
  -6.3999999994412065e+00
  -6.2000000001862645e+00
  -6.2000000001862645e+00
  -5.6999999992549419e+00
  -5.7999999998137355e+00
  -6.2000000001862645e+00
  -5.2999999998137355e+00
  -4.5999999996274710e+00
  -4.4999999990686774e+00
  -4.0000000000000000e+00
  -4.2000000001862645e+00
  -4.2000000001862645e+00
  -4.4999999990686774e+00
  -5.6999999992549419e+00
  -5.2999999998137355e+00
  -4.8999999994412065e+00
  -5.2999999998137355e+00
  -4.8999999994412065e+00
  -4.4000000003725290e+00
  -4.0000000000000000e+00
  -4.2000000001862645e+00
  -4.2000000001862645e+00
  -3.2000000001862645e+00
  -2.1000000005587935e+00
  -2.0000000000000000e+00
  -2.4000000003725290e+00
  -2.0000000000000000e+00
  -2.2999999998137355e+00
  -2.2999999998137355e+00
  -2.2999999998137355e+00
  -1.7000000001862645e+00
  -1.8999999994412065e+00
  -2.9000000003725290e+00
  -3.3000000007450581e+00
  -2.7000000001862645e+00
  -3.6999999992549419e+00
  -4.2999999998137355e+00
  -5.2000000011175871e+00
  -6.3000000007450581e+00
  -6.7000000011175871e+00
  -7.4000000003725290e+00
  -7.1999999992549419e+00
  -6.3999999994412065e+00
  -6.7000000011175871e+00
  -7.0999999996274710e+00
  -7.4000000003725290e+00
  -7.5999999996274710e+00
  -7.5999999996274710e+00
  -8.2999999998137355e+00
  -7.1999999992549419e+00
  -6.3000000007450581e+00
  -5.4000000003725290e+00
  -5.5000000000000000e+00
  -5.2999999998137355e+00
  -6.3999999994412065e+00
  -7.0000000000000000e+00
  -8.4000000003725290e+00
  -7.8000000007450581e+00
  -7.0000000000000000e+00
  -6.7000000011175871e+00
  -7.0000000000000000e+00
  -7.0999999996274710e+00
  -7.4000000003725290e+00
  -7.4000000003725290e+00
  -7.1999999992549419e+00
  -6.5000000000000000e+00
  -6.2000000001862645e+00
  -6.0999999996274710e+00
  -5.7999999998137355e+00
  -6.7999999998137355e+00
  -8.5000000000000000e+00
  -8.9000000003725290e+00
  -9.2000000001862645e+00
  -1.0400000000372529e+01
  -1.1000000000000000e+01
  -1.1600000000558794e+01
  -1.2700000000186265e+01
  -1.5000000000931323e+01
  -1.5599999999627471e+01
  -1.6000000000000000e+01
  -1.6199999999254942e+01
  -1.7500000000000000e+01
  -1.7600000000558794e+01
  -1.8000000000000000e+01
  -1.8700000000186265e+01
  -1.9999999999068677e+01
  -2.0900000000372529e+01
  -2.1499999999068677e+01
  -2.2699999999254942e+01
  -2.4400000000372529e+01
  -2.5699999999254942e+01
  -2.6400000000372529e+01
  -2.7400000000372529e+01
  -2.8799999999813735e+01
  -2.9299999999813735e+01
  -2.8900000000372529e+01
  -2.9200000000186265e+01
  -2.9899999999441206e+01
  -2.9700000000186265e+01
  -2.9000000000000000e+01
  -2.7599999999627471e+01
  -2.7000000000000000e+01
  -2.5600000000558794e+01
  -2.4299999999813735e+01
  -2.3099999999627471e+01
  -2.2100000000558794e+01
  -2.0300000000745058e+01
  -1.7600000000558794e+01
  -1.6900000000372529e+01
  -1.5299999999813735e+01
  -1.3500000000931323e+01
  -1.1900000000372529e+01
  -1.1299999999813735e+01
  -1.0700000000186265e+01
  -9.0999999996274710e+00
  -6.7000000011175871e+00
  -6.7999999998137355e+00
  -6.3000000007450581e+00
  -5.2000000011175871e+00
  -4.2000000001862645e+00
  -4.2999999998137355e+00
  -3.9000000003725290e+00
  -3.0000000000000000e+00
  -2.5000000009313226e+00
  -3.0000000000000000e+00
  -2.5000000009313226e+00
  -2.2999999998137355e+00
  -2.4000000003725290e+00
  -2.7999999998137355e+00
  -3.3999999994412065e+00
  -2.4000000003725290e+00
  -1.8999999994412065e+00
  -1.7999999988824129e+00
  -2.0000000000000000e+00
  -1.3000000007450581e+00
  -1.5999999996274710e+00
  -1.7999999988824129e+00
  -2.2999999998137355e+00
  -1.7000000001862645e+00
  -1.0999999996274710e+00
  -1.5000000000000000e+00
  -1.0999999996274710e+00
  -2.9999999888241291e-01
  -3.9999999944120646e-01
  -6.0000000055879354e-01
  -6.0000000055879354e-01
  -2.9999999888241291e-01
   1.9999999925494194e-01
   1.9999999925494194e-01
   2.9999999981373549e-01
   4.9999999906867743e-01
   7.0000000018626451e-01
   9.9999999627470970e-02
   5.9999999962747097e-01
   2.2000000001862645e+00
   2.7000000001862645e+00
   1.7999999998137355e+00
   7.0000000018626451e-01
  -9.9999999627470970e-02
  -7.9999999981373549e-01
  -9.0000000037252903e-01
  -1.5000000000000000e+00
  -1.0999999996274710e+00
  -2.1000000005587935e+00
  -4.0000000000000000e+00
  -6.7000000011175871e+00
  -8.2000000001862645e+00
  -1.0000000000000000e+01
  -1.1000000000000000e+01
  -1.2099999999627471e+01
  -1.3299999999813735e+01
  -1.5200000000186265e+01
  -1.7700000001117587e+01
  -2.1000000000000000e+01
  -2.1599999999627471e+01
  -2.2100000000558794e+01
  -2.2600000000558794e+01
  -2.1499999999068677e+01
  -2.1100000000558794e+01
  -2.2600000000558794e+01
  -2.5099999999627471e+01
  -2.7199999999254942e+01
  -2.8099999999627471e+01
  -2.7700000000186265e+01
  -2.6400000000372529e+01
  -2.4100000000558794e+01
  -2.2000000000000000e+01
  -2.1599999999627471e+01
  -2.2299999999813735e+01
  -2.0600000000558794e+01
  -1.8499999999068677e+01
  -1.6400000000372529e+01
  -1.2500000000000000e+01
  -8.6999999992549419e+00
  -5.6999999992549419e+00
  -5.5000000000000000e+00
  -5.0000000000000000e+00
  -4.0999999996274710e+00
  -2.7000000001862645e+00
  -1.5000000000000000e+00
   7.0000000018626451e-01
   2.7999999998137355e+00
   2.7000000001862645e+00
   5.9999999962747097e-01
  -1.4000000003725290e+00
  -3.3999999994412065e+00
  -4.0000000000000000e+00
  -4.7000000001862645e+00
  -3.7999999998137355e+00
  -3.0000000000000000e+00
  -3.6000000005587935e+00
  -6.3000000007450581e+00
  -8.6999999992549419e+00
  -1.0500000000931323e+01
  -1.2099999999627471e+01
  -1.1900000000372529e+01
  -1.0800000000745058e+01
  -9.5000000000000000e+00
  -8.9999999990686774e+00
  -1.1500000000000000e+01
  -1.2000000000931323e+01
  -1.0400000000372529e+01
  -7.8000000007450581e+00
  -6.6000000005587935e+00
  -4.8999999994412065e+00
  -3.6999999992549419e+00
  -4.7000000001862645e+00
  -8.0000000000000000e+00
  -8.9000000003725290e+00
  -8.2999999998137355e+00
  -5.7999999998137355e+00
  -4.4999999990686774e+00
  -3.0000000000000000e+00
  -2.1999999992549419e+00
  -3.6000000005587935e+00
  -6.0999999996274710e+00
  -6.7000000011175871e+00
  -4.8999999994412065e+00
  -3.2000000001862645e+00
  -2.9000000003725290e+00
  -3.0000000000000000e+00
  -4.4000000003725290e+00
  -7.4000000003725290e+00
  -1.1399999999441206e+01
  -1.2500000000000000e+01
  -1.0599999999627471e+01
  -1.0000000000000000e+01
  -1.1299999999813735e+01
  -1.2400000000372529e+01
  -1.4200000000186265e+01
  -1.7500000000000000e+01
  -1.9900000000372529e+01
  -1.8099999999627471e+01
  -1.4000000000000000e+01
  -1.1000000000000000e+01
  -1.0599999999627471e+01
  -9.6000000005587935e+00
  -1.0299999999813735e+01
  -1.2300000000745058e+01
  -1.2799999998882413e+01
  -1.0599999999627471e+01
  -6.7000000011175871e+00
  -5.1000000005587935e+00
  -5.4000000003725290e+00
  -4.8999999994412065e+00
  -6.0999999996274710e+00
  -8.6999999992549419e+00
  -9.7999999998137355e+00
  -8.0000000000000000e+00
  -5.4000000003725290e+00
  -4.2000000001862645e+00
  -4.5999999996274710e+00
  -4.7000000001862645e+00
  -5.6999999992549419e+00
  -7.7000000001862645e+00
  -6.7999999998137355e+00
  -4.0999999996274710e+00
  -1.7999999988824129e+00
  -1.8999999994412065e+00
  -3.3999999994412065e+00
  -4.4000000003725290e+00
  -5.9999999990686774e+00
  -8.0000000000000000e+00
  -7.0000000000000000e+00
  -4.2000000001862645e+00
  -2.4000000003725290e+00
  -2.2999999998137355e+00
  -4.0999999996274710e+00
  -6.3000000007450581e+00
  -8.0000000000000000e+00
  -8.6999999992549419e+00
  -6.3999999994412065e+00
  -4.2999999998137355e+00
  -4.0000000000000000e+00
  -4.5999999996274710e+00
  -7.4000000003725290e+00
  -9.3000000007450581e+00
  -1.1299999999813735e+01
  -1.1699999999254942e+01
  -1.0500000000931323e+01
  -8.9999999990686774e+00
  -9.7000000001862645e+00
  -1.1799999999813735e+01
  -1.4000000000000000e+01
  -1.6700000000186265e+01
  -1.7700000001117587e+01
  -1.7500000000000000e+01
  -1.6000000000000000e+01
  -1.3700000000186265e+01
  -1.4099999999627471e+01
  -1.3599999999627471e+01
  -1.3900000000372529e+01
  -1.3500000000931323e+01
  -1.3199999999254942e+01
  -1.0599999999627471e+01
  -8.6000000005587935e+00
  -5.7999999998137355e+00
  -4.7000000001862645e+00
  -5.9000000003725290e+00
  -6.3000000007450581e+00
  -6.6000000005587935e+00
  -6.2000000001862645e+00
  -4.2000000001862645e+00
  -3.2000000001862645e+00
  -2.1999999992549419e+00
  -2.5000000009313226e+00
  -5.2000000011175871e+00
  -6.3999999994412065e+00
  -7.1999999992549419e+00
  -7.4999999990686774e+00
  -6.7000000011175871e+00
  -6.5000000000000000e+00
  -6.9000000003725290e+00
  -8.4000000003725290e+00
  -1.0700000000186265e+01
  -1.2200000000186265e+01
  -1.3599999999627471e+01
  -1.3800000000745058e+01
  -1.3199999999254942e+01
  -1.3900000000372529e+01
  -1.4900000000372529e+01
  -1.6799999999813735e+01
  -1.9100000000558794e+01
  -2.0200000000186265e+01
  -1.9000000000000000e+01
  -1.6999999999068677e+01
  -1.4799999999813735e+01
  -1.2000000000931323e+01
  -1.0899999999441206e+01
  -1.0700000000186265e+01
  -1.0899999999441206e+01
  -1.0500000000931323e+01
  -8.6999999992549419e+00
  -6.7000000011175871e+00
  -6.0999999996274710e+00
  -5.1000000005587935e+00
  -5.4000000003725290e+00
  -6.7999999998137355e+00
  -8.2000000001862645e+00
  -8.4000000003725290e+00
  -6.9000000003725290e+00
  -6.3999999994412065e+00
  -6.3000000007450581e+00
  -6.7999999998137355e+00
  -8.0000000000000000e+00
  -9.6000000005587935e+00
  -1.0100000000558794e+01
  -8.7999999998137355e+00
  -8.0000000000000000e+00
  -7.7000000001862645e+00
  -8.1000000005587935e+00
  -9.2000000001862645e+00
  -1.0299999999813735e+01
  -1.3000000000000000e+01
  -1.3100000000558794e+01
  -1.2899999999441206e+01
  -1.0599999999627471e+01
  -1.0599999999627471e+01
  -1.0100000000558794e+01
  -1.0000000000000000e+01
  -1.0700000000186265e+01
  -1.2500000000000000e+01
  -1.1299999999813735e+01
  -9.5000000000000000e+00
  -6.3999999994412065e+00
  -4.8999999994412065e+00
  -5.0000000000000000e+00
  -4.7000000001862645e+00
  -5.9999999990686774e+00
  -7.1999999992549419e+00
  -5.7999999998137355e+00
  -4.4999999990686774e+00
  -2.5000000009313226e+00
  -1.8999999994412065e+00
  -1.7999999988824129e+00
  -1.2000000001862645e+00
  -2.0000000000000000e+00
  -2.1000000005587935e+00
  -3.9999999944120646e-01
   1.0000000000000000e+00
   1.9000000003725290e+00
   1.4000000003725290e+00
   2.9999999981373549e-01
  -1.0000000009313226e+00
  -2.4000000003725290e+00
  -2.9000000003725290e+00
  -2.2999999998137355e+00
  -1.4000000003725290e+00
  -1.5000000000000000e+00
  -2.0000000000000000e+00
  -3.6999999992549419e+00
  -6.3000000007450581e+00
  -8.0000000000000000e+00
  -9.0999999996274710e+00
  -9.3999999994412065e+00
  -8.7999999998137355e+00
  -1.0100000000558794e+01
  -1.1299999999813735e+01
  -1.3800000000745058e+01
  -1.4699999999254942e+01
  -1.4399999999441206e+01
  -1.4299999998882413e+01
  -1.3599999999627471e+01
  -1.1200000000186265e+01
  -1.0899999999441206e+01
  -1.0500000000931323e+01
  -1.1399999999441206e+01
  -1.1099999999627471e+01
  -9.7000000001862645e+00
  -8.2999999998137355e+00
  -7.0000000000000000e+00
  -5.2000000011175871e+00
  -5.1000000005587935e+00
  -5.2000000011175871e+00
  -5.0000000000000000e+00
  -5.9000000003725290e+00
  -5.6999999992549419e+00
  -4.8000000007450581e+00
  -3.3000000007450581e+00
  -2.9000000003725290e+00
  -4.0000000000000000e+00
  -5.4000000003725290e+00
  -5.9000000003725290e+00
  -6.7999999998137355e+00
  -7.8000000007450581e+00
  -7.7000000001862645e+00
  -7.7000000001862645e+00
  -6.9000000003725290e+00
  -8.0000000000000000e+00
  -9.3999999994412065e+00
  -1.0000000000000000e+01
  -1.0700000000186265e+01
  -1.0599999999627471e+01
  -1.0700000000186265e+01
  -9.8999999994412065e+00
  -9.3999999994412065e+00
  -9.7000000001862645e+00
  -9.7999999998137355e+00
  -9.8999999994412065e+00
  -9.3999999994412065e+00
  -9.0999999996274710e+00
  -7.5999999996274710e+00
  -5.5999999996274710e+00
  -6.2000000001862645e+00
  -5.9999999990686774e+00
  -6.6000000005587935e+00
  -7.0000000000000000e+00
  -6.9000000003725290e+00
  -6.3999999994412065e+00
  -4.7000000001862645e+00
  -3.6999999992549419e+00
  -4.8000000007450581e+00
  -5.9999999990686774e+00
  -6.3999999994412065e+00
  -6.7999999998137355e+00
  -7.0999999996274710e+00
  -7.2999999998137355e+00
  -6.3000000007450581e+00
  -7.0999999996274710e+00
  -1.0000000000000000e+01
  -1.2000000000931323e+01
  -1.3299999999813735e+01
  -1.4099999999627471e+01
  -1.4200000000186265e+01
  -1.3500000000931323e+01
  -1.3599999999627471e+01
  -1.5599999999627471e+01
  -1.6900000000372529e+01
  -1.8599999999627471e+01
  -1.7399999999441206e+01
  -1.7200000000186265e+01
  -1.6599999999627471e+01
  -1.6299999999813735e+01
  -1.6000000000000000e+01
  -1.7300000000745058e+01
  -1.9200000001117587e+01
  -1.9900000000372529e+01
  -1.9100000000558794e+01
  -1.8199999999254942e+01
  -1.7099999999627471e+01
  -1.6500000000000000e+01
  -1.8400000000372529e+01
  -2.0300000000745058e+01
  -2.2000000000000000e+01
  -2.3300000000745058e+01
  -2.3099999999627471e+01
  -2.2600000000558794e+01
  -2.1700000000186265e+01
  -2.1700000000186265e+01
  -2.4400000000372529e+01
  -2.6799999998882413e+01
  -2.8200000000186265e+01
  -2.8799999999813735e+01
  -2.7400000000372529e+01
  -2.6599999999627471e+01
  -2.5000000000000000e+01
  -2.4599999999627471e+01
  -2.5500000000000000e+01
  -2.6599999999627471e+01
  -2.6400000000372529e+01
  -2.4900000000372529e+01
  -2.2900000000372529e+01
  -1.9999999999068677e+01
  -1.8199999999254942e+01
  -1.7900000000372529e+01
  -1.8199999999254942e+01
  -1.8000000000000000e+01
  -1.6900000000372529e+01
  -1.4500000000000000e+01
  -1.1600000000558794e+01
  -8.5000000000000000e+00
  -8.0000000000000000e+00
  -7.7000000001862645e+00
  -7.7000000001862645e+00
  -7.7000000001862645e+00
  -6.7999999998137355e+00
  -5.5000000000000000e+00
  -4.0999999996274710e+00
  -3.0000000000000000e+00
  -3.0999999996274710e+00
  -4.2000000001862645e+00
  -5.9999999990686774e+00
  -6.9000000003725290e+00
  -6.5000000000000000e+00
  -4.7000000001862645e+00
  -4.0000000000000000e+00
  -4.0999999996274710e+00
  -5.1000000005587935e+00
  -7.0000000000000000e+00
  -8.6000000005587935e+00
  -9.7999999998137355e+00
  -8.2000000001862645e+00
  -6.9000000003725290e+00
  -6.3000000007450581e+00
  -6.7999999998137355e+00
  -8.6999999992549419e+00
  -1.0000000000000000e+01
  -1.0899999999441206e+01
  -9.3000000007450581e+00
  -7.7000000001862645e+00
  -5.4000000003725290e+00
  -5.9999999990686774e+00
  -7.5999999996274710e+00
  -9.0999999996274710e+00
  -1.0199999999254942e+01
  -1.1299999999813735e+01
  -1.0000000000000000e+01
  -7.4000000003725290e+00
  -5.2999999998137355e+00
  -4.8999999994412065e+00
  -5.5000000000000000e+00
  -6.0999999996274710e+00
  -6.0999999996274710e+00
  -5.1000000005587935e+00
  -3.0999999996274710e+00
  -9.0000000037252903e-01
  -9.9999999627470970e-02
  -3.9999999944120646e-01
  -2.7000000001862645e+00
  -2.4000000003725290e+00
  -2.2999999998137355e+00
  -2.4000000003725290e+00
  -1.5999999996274710e+00
  -9.9999999627470970e-02
  -5.0000000000000000e-01
  -2.0000000000000000e+00
  -4.0999999996274710e+00
  -5.0000000000000000e+00
  -4.2000000001862645e+00
  -3.6000000005587935e+00
  -3.0000000000000000e+00
  -3.0000000000000000e+00
  -4.8000000007450581e+00
  -6.6000000005587935e+00
  -8.6999999992549419e+00
  -9.6000000005587935e+00
  -9.3000000007450581e+00
  -8.9000000003725290e+00
  -8.1000000005587935e+00
  -8.1000000005587935e+00
  -1.0400000000372529e+01
  -1.2799999998882413e+01
  -1.3100000000558794e+01
  -1.3199999999254942e+01
  -1.2700000000186265e+01
  -1.1299999999813735e+01
  -1.0700000000186265e+01
  -1.1900000000372529e+01
  -1.2899999999441206e+01
  -1.4600000000558794e+01
  -1.4200000000186265e+01
  -1.3599999999627471e+01
  -1.1099999999627471e+01
  -1.0199999999254942e+01
  -8.9000000003725290e+00
  -8.2999999998137355e+00
  -8.7999999998137355e+00
  -9.6000000005587935e+00
  -7.8999999994412065e+00
  -6.2000000001862645e+00
  -5.7999999998137355e+00
  -3.9000000003725290e+00
  -3.7999999998137355e+00
  -3.9000000003725290e+00
  -5.0000000000000000e+00
  -5.5000000000000000e+00
  -4.0000000000000000e+00
  -2.7999999998137355e+00
  -2.1000000005587935e+00
  -1.2000000001862645e+00
  -1.8999999994412065e+00
  -3.0000000000000000e+00
  -4.0000000000000000e+00
  -4.7000000001862645e+00
  -3.9000000003725290e+00
  -2.7999999998137355e+00
  -2.2999999998137355e+00
  -1.7999999988824129e+00
  -2.7999999998137355e+00
  -4.2000000001862645e+00
  -5.0000000000000000e+00
  -5.9999999990686774e+00
  -5.0000000000000000e+00
  -3.7999999998137355e+00
  -3.6999999992549419e+00
  -4.0000000000000000e+00
  -4.8999999994412065e+00
  -6.7000000011175871e+00
  -7.7000000001862645e+00
  -7.4999999990686774e+00
  -6.6000000005587935e+00
  -5.7999999998137355e+00
  -5.6999999992549419e+00
  -6.6000000005587935e+00
  -8.0000000000000000e+00
  -9.2000000001862645e+00
  -9.3999999994412065e+00
  -8.7999999998137355e+00
  -7.8000000007450581e+00
  -7.4000000003725290e+00
  -8.2999999998137355e+00
  -1.0400000000372529e+01
  -1.0700000000186265e+01
  -1.0500000000931323e+01
  -9.3000000007450581e+00
  -7.1999999992549419e+00
  -5.5999999996274710e+00
  -4.8000000007450581e+00
  -5.0000000000000000e+00
  -6.3000000007450581e+00
  -6.3999999994412065e+00
  -6.3999999994412065e+00
  -5.2999999998137355e+00
  -3.0000000000000000e+00
  -3.3999999994412065e+00
  -3.5000000000000000e+00
  -4.8000000007450581e+00
  -6.6000000005587935e+00
  -6.6000000005587935e+00
  -6.0999999996274710e+00
  -5.2999999998137355e+00
  -4.4999999990686774e+00
  -4.4999999990686774e+00
  -5.7999999998137355e+00
  -7.1999999992549419e+00
  -9.2000000001862645e+00
  -8.9000000003725290e+00
  -8.2999999998137355e+00
  -7.0000000000000000e+00
  -5.9999999990686774e+00
  -6.5000000000000000e+00
  -7.4999999990686774e+00
  -9.3999999994412065e+00
  -1.0199999999254942e+01
  -9.3000000007450581e+00
  -8.6000000005587935e+00
  -8.2000000001862645e+00
  -8.0000000000000000e+00
  -8.4000000003725290e+00
  -8.7999999998137355e+00
  -9.2000000001862645e+00
  -8.6000000005587935e+00
  -7.1999999992549419e+00
  -5.6999999992549419e+00
  -5.5999999996274710e+00
  -5.9999999990686774e+00
  -6.6000000005587935e+00
  -7.5999999996274710e+00
  -7.4999999990686774e+00
  -7.2999999998137355e+00
  -6.7999999998137355e+00
  -5.2999999998137355e+00
  -4.8999999994412065e+00
  -3.6999999992549419e+00
  -3.9000000003725290e+00
  -4.8000000007450581e+00
  -4.2000000001862645e+00
  -3.0000000000000000e+00
  -2.5999999996274710e+00
  -1.0999999996274710e+00
  -7.9999999981373549e-01
  -6.9999999925494194e-01
  -1.5000000000000000e+00
  -1.7000000001862645e+00
  -2.1000000005587935e+00
  -1.5999999996274710e+00
  -1.2000000001862645e+00
  -6.9999999925494194e-01
  -1.4000000003725290e+00
  -2.5000000009313226e+00
  -3.3000000007450581e+00
  -4.8000000007450581e+00
  -4.4999999990686774e+00
  -4.0999999996274710e+00
  -4.2000000001862645e+00
  -3.9000000003725290e+00
  -3.2000000001862645e+00
  -4.4000000003725290e+00
  -5.0000000000000000e+00
  -5.5999999996274710e+00
  -5.5999999996274710e+00
  -4.8999999994412065e+00
  -4.8000000007450581e+00
  -3.6999999992549419e+00
  -3.6000000005587935e+00
  -3.6000000005587935e+00
  -4.2000000001862645e+00
  -4.0999999996274710e+00
  -3.9000000003725290e+00
  -3.3999999994412065e+00
  -2.1999999992549419e+00
  -2.4000000003725290e+00
  -2.0000000000000000e+00
  -2.5999999996274710e+00
  -3.0000000000000000e+00
  -3.0000000000000000e+00
  -3.0000000000000000e+00
  -2.5000000009313226e+00
  -2.4000000003725290e+00
  -2.2999999998137355e+00
  -2.7000000001862645e+00
  -3.3999999994412065e+00
  -3.6000000005587935e+00
  -4.0999999996274710e+00
  -4.2000000001862645e+00
  -4.4000000003725290e+00
  -4.5999999996274710e+00
  -5.0000000000000000e+00
  -5.0000000000000000e+00
  -5.9999999990686774e+00
  -5.0000000000000000e+00
  -4.5999999996274710e+00
  -4.2000000001862645e+00
  -4.4000000003725290e+00
  -4.0999999996274710e+00
  -3.9000000003725290e+00
  -4.2999999998137355e+00
  -3.6000000005587935e+00
  -3.3999999994412065e+00
  -3.3000000007450581e+00
  -3.6999999992549419e+00
  -3.9000000003725290e+00
  -3.3999999994412065e+00
  -3.3999999994412065e+00
  -3.3999999994412065e+00
  -2.9000000003725290e+00
  -2.5000000009313226e+00
  -3.7999999998137355e+00
  -3.6999999992549419e+00
  -4.4000000003725290e+00
  -4.8999999994412065e+00
  -5.5999999996274710e+00
  -5.6999999992549419e+00
  -5.5000000000000000e+00
  -6.0999999996274710e+00
  -7.4999999990686774e+00
  -7.4999999990686774e+00
  -8.2000000001862645e+00
  -8.9999999990686774e+00
  -9.7000000001862645e+00
  -1.0299999999813735e+01
  -1.0400000000372529e+01
  -1.0500000000931323e+01
  -1.1600000000558794e+01
  -1.0100000000558794e+01
  -9.7000000001862645e+00
  -9.3000000007450581e+00
  -8.1000000005587935e+00
  -7.8000000007450581e+00
  -7.8999999994412065e+00
  -7.8000000007450581e+00
  -7.8999999994412065e+00
  -6.3000000007450581e+00
  -4.2999999998137355e+00
  -3.0000000000000000e+00
  -1.7999999988824129e+00
  -9.0000000037252903e-01
  -7.9999999981373549e-01
  -1.2000000001862645e+00
  -1.0000000009313226e+00
   4.9999999906867743e-01
   1.2999999998137355e+00
   1.9000000003725290e+00
   1.9000000003725290e+00
   1.1000000005587935e+00
   2.9999999981373549e-01
  -5.0000000000000000e-01
  -5.0000000000000000e-01
   0.0000000000000000e+00
   9.9999999627470970e-02
  -2.9999999888241291e-01
   9.9999999627470970e-02
  -7.9999999981373549e-01
  -2.5000000009313226e+00
  -2.7999999998137355e+00
  -3.0000000000000000e+00
  -2.7000000001862645e+00
  -1.7999999988824129e+00
  -1.0000000009313226e+00
  -2.9999999888241291e-01
  -6.9999999925494194e-01
  -3.9999999944120646e-01
  -9.0000000037252903e-01
  -3.9999999944120646e-01
   2.9999999981373549e-01
   1.6000000005587935e+00
   2.8999999994412065e+00
   3.1000000005587935e+00
   2.5000000000000000e+00
   8.9999999944120646e-01
   9.9999999627470970e-02
  -9.9999999627470970e-02
   4.9999999906867743e-01
   4.9999999906867743e-01
   5.9999999962747097e-01
  -6.0000000055879354e-01
  -2.2999999998137355e+00
  -4.2999999998137355e+00
  -5.2999999998137355e+00
  -4.8000000007450581e+00
  -4.8999999994412065e+00
  -5.5000000000000000e+00
  -5.7999999998137355e+00
  -7.7000000001862645e+00
  -9.5000000000000000e+00
  -1.0100000000558794e+01
  -1.0599999999627471e+01
  -1.1099999999627471e+01
  -1.1200000000186265e+01
  -1.1200000000186265e+01
  -1.1900000000372529e+01
  -1.3700000000186265e+01
  -1.5299999999813735e+01
  -1.6700000000186265e+01
  -1.6700000000186265e+01
  -1.8000000000000000e+01
  -1.8800000000745058e+01
  -1.8599999999627471e+01
  -1.9100000000558794e+01
  -2.0900000000372529e+01
  -2.1299999999813735e+01
  -1.9999999999068677e+01
  -1.8800000000745058e+01
  -1.7700000001117587e+01
  -1.6599999999627471e+01
  -1.6100000000558794e+01
  -1.6599999999627471e+01
  -1.7700000001117587e+01
  -1.7900000000372529e+01
  -1.6999999999068677e+01
  -1.5700000000186265e+01
  -1.4600000000558794e+01
  -1.3500000000931323e+01
  -1.3599999999627471e+01
  -1.2300000000745058e+01
  -1.1200000000186265e+01
  -1.0000000000000000e+01
  -8.0000000000000000e+00
  -5.5999999996274710e+00
  -3.6999999992549419e+00
  -3.0999999996274710e+00
  -2.7999999998137355e+00
  -3.3000000007450581e+00
  -3.3000000007450581e+00
  -2.4000000003725290e+00
  -1.7000000001862645e+00
  -3.9999999944120646e-01
  -3.9999999944120646e-01
  -9.0000000037252903e-01
  -2.7999999998137355e+00
  -3.6000000005587935e+00
  -3.6999999992549419e+00
  -3.7999999998137355e+00
  -3.5000000000000000e+00
  -2.7999999998137355e+00
  -4.4999999990686774e+00
  -5.5999999996274710e+00
  -6.6000000005587935e+00
  -7.7000000001862645e+00
  -8.2999999998137355e+00
  -7.7000000001862645e+00
  -7.4999999990686774e+00
  -9.5000000000000000e+00
  -1.0500000000931323e+01
  -1.1699999999254942e+01
  -1.3199999999254942e+01
  -1.3900000000372529e+01
  -1.3599999999627471e+01
  -1.2599999999627471e+01
  -1.1099999999627471e+01
  -1.1000000000000000e+01
  -1.0299999999813735e+01
  -9.5000000000000000e+00
  -9.0999999996274710e+00
  -8.4000000003725290e+00
  -8.1000000005587935e+00
  -6.3999999994412065e+00
  -5.4000000003725290e+00
  -4.5999999996274710e+00
  -4.4000000003725290e+00
  -4.0000000000000000e+00
  -4.0000000000000000e+00
  -3.6000000005587935e+00
  -3.0000000000000000e+00
  -2.1000000005587935e+00
  -9.0000000037252903e-01
  -1.0999999996274710e+00
  -1.0000000009313226e+00
  -1.0999999996274710e+00
  -1.8999999994412065e+00
  -1.7000000001862645e+00
  -1.2000000001862645e+00
  -6.0000000055879354e-01
   0.0000000000000000e+00
  -7.9999999981373549e-01
  -5.0000000000000000e-01
  -6.0000000055879354e-01
  -1.5000000000000000e+00
  -1.3000000007450581e+00
  -1.0999999996274710e+00
  -1.0999999996274710e+00
  -7.9999999981373549e-01
  -1.2000000001862645e+00
  -1.8999999994412065e+00
  -1.5999999996274710e+00
  -2.5000000009313226e+00
  -2.7999999998137355e+00
  -2.2999999998137355e+00
  -2.7000000001862645e+00
  -2.5999999996274710e+00
  -3.0000000000000000e+00
  -3.7999999998137355e+00
  -4.0000000000000000e+00
  -4.0000000000000000e+00
  -4.0999999996274710e+00
  -4.4000000003725290e+00
  -4.8000000007450581e+00
  -5.0000000000000000e+00
  -5.9000000003725290e+00
  -7.4999999990686774e+00
  -7.8000000007450581e+00
  -8.4000000003725290e+00
  -9.6000000005587935e+00
  -1.0000000000000000e+01
  -1.1200000000186265e+01
  -1.2300000000745058e+01
  -1.3599999999627471e+01
  -1.4600000000558794e+01
  -1.5200000000186265e+01
  -1.5000000000931323e+01
  -1.5700000000186265e+01
  -1.4900000000372529e+01
  -1.5200000000186265e+01
  -1.5299999999813735e+01
  -1.5299999999813735e+01
  -1.5200000000186265e+01
  -1.4600000000558794e+01
  -1.3800000000745058e+01
  -1.4200000000186265e+01
  -1.2599999999627471e+01
  -1.2200000000186265e+01
  -1.2200000000186265e+01
  -1.3299999999813735e+01
  -1.3299999999813735e+01
  -1.2700000000186265e+01
  -1.1799999999813735e+01
  -1.1299999999813735e+01
  -1.0500000000931323e+01
  -9.6000000005587935e+00
  -8.6000000005587935e+00
  -7.7000000001862645e+00
  -6.7999999998137355e+00
  -5.5999999996274710e+00
  -4.2999999998137355e+00
  -3.0000000000000000e+00
  -1.3000000007450581e+00
  -1.0999999996274710e+00
  -2.9999999888241291e-01
  -6.0000000055879354e-01
  -2.9999999888241291e-01
   7.0000000018626451e-01
   1.6999999992549419e+00
   2.3000000007450581e+00
   1.5000000000000000e+00
   1.6000000005587935e+00
   1.1000000005587935e+00
  -2.9999999888241291e-01
  -9.9999999627470970e-02
  -2.0000000018626451e-01
  -5.0000000000000000e-01
  -1.5000000000000000e+00
  -3.2000000001862645e+00
  -4.5999999996274710e+00
  -5.9999999990686774e+00
  -8.1000000005587935e+00
  -9.2000000001862645e+00
  -1.0899999999441206e+01
  -1.2099999999627471e+01
  -1.3900000000372529e+01
  -1.6400000000372529e+01
  -1.8199999999254942e+01
  -1.9299999999813735e+01
  -2.1400000000372529e+01
  -2.2600000000558794e+01
  -2.3399999999441206e+01
  -2.3500000000000000e+01
  -2.4900000000372529e+01
  -2.5200000000186265e+01
  -2.5000000000000000e+01
  -2.4000000000000000e+01
  -2.3300000000745058e+01
  -2.1800000000745058e+01
  -1.9500000000000000e+01
  -1.8199999999254942e+01
  -1.6900000000372529e+01
  -1.4900000000372529e+01
  -1.2200000000186265e+01
  -1.1399999999441206e+01
  -9.5000000000000000e+00
  -7.2999999998137355e+00
  -7.0999999996274710e+00
  -5.7999999998137355e+00
  -5.0000000000000000e+00
  -4.4000000003725290e+00
  -2.0000000000000000e+00
  -6.0000000055879354e-01
   4.9999999906867743e-01
   1.5000000000000000e+00
   2.3000000007450581e+00
   1.6999999992549419e+00
   1.2999999998137355e+00
   7.0000000018626451e-01
   5.9999999962747097e-01
   0.0000000000000000e+00
  -2.0000000018626451e-01
  -1.4000000003725290e+00
  -2.5999999996274710e+00
  -4.0000000000000000e+00
  -5.1000000005587935e+00
  -4.7000000001862645e+00
  -5.0000000000000000e+00
  -4.8999999994412065e+00
  -4.8999999994412065e+00
  -4.7000000001862645e+00
  -5.1000000005587935e+00
  -4.5999999996274710e+00
  -3.9000000003725290e+00
  -3.3000000007450581e+00
  -3.2000000001862645e+00
  -4.2999999998137355e+00
  -3.6999999992549419e+00
  -4.0999999996274710e+00
  -5.0000000000000000e+00
  -5.5000000000000000e+00
  -4.8999999994412065e+00
  -5.1000000005587935e+00
  -5.2999999998137355e+00
  -5.6999999992549419e+00
  -5.9000000003725290e+00
  -6.2000000001862645e+00
  -7.4999999990686774e+00
  -8.1000000005587935e+00
  -7.4999999990686774e+00
  -7.8000000007450581e+00
  -8.7999999998137355e+00
  -9.3999999994412065e+00
  -1.0100000000558794e+01
  -1.1000000000000000e+01
  -1.1299999999813735e+01
  -1.2099999999627471e+01
  -1.1399999999441206e+01
  -1.2400000000372529e+01
  -1.2899999999441206e+01
  -1.2599999999627471e+01
  -1.3000000000000000e+01
  -1.3599999999627471e+01
  -1.3299999999813735e+01
  -1.2799999998882413e+01
  -1.2300000000745058e+01
  -1.2300000000745058e+01
  -1.3800000000745058e+01
  -1.4099999999627471e+01
  -1.3700000000186265e+01
  -1.3599999999627471e+01
  -1.3599999999627471e+01
  -1.3299999999813735e+01
  -1.3400000000372529e+01
  -1.2500000000000000e+01
  -1.4099999999627471e+01
  -1.3100000000558794e+01
  -1.2799999998882413e+01
  -1.1600000000558794e+01
  -1.0199999999254942e+01
  -8.6999999992549419e+00
  -8.1000000005587935e+00
  -7.7000000001862645e+00
  -8.4000000003725290e+00
  -7.8999999994412065e+00
  -7.5999999996274710e+00
  -7.0999999996274710e+00
  -5.9000000003725290e+00
  -4.4000000003725290e+00
  -3.6000000005587935e+00
  -3.3999999994412065e+00
  -2.1999999992549419e+00
  -1.2000000001862645e+00
  -1.2000000001862645e+00
  -6.0000000055879354e-01
   1.9999999925494194e-01
   2.9999999981373549e-01
   1.1000000005587935e+00
   1.1000000005587935e+00
   1.6000000005587935e+00
   2.3000000007450581e+00
   1.5000000000000000e+00
   2.0999999996274710e+00
   2.7000000001862645e+00
   2.8999999994412065e+00
   2.6000000005587935e+00
   2.2000000001862645e+00
   1.2999999998137355e+00
   4.9999999906867743e-01
  -2.0000000018626451e-01
  -1.3000000007450581e+00
  -1.0999999996274710e+00
  -2.1000000005587935e+00
  -3.0000000000000000e+00
  -4.7000000001862645e+00
  -5.2999999998137355e+00
  -5.9999999990686774e+00
  -6.5000000000000000e+00
  -6.7000000011175871e+00
  -6.7000000011175871e+00
  -8.2999999998137355e+00
  -9.8999999994412065e+00
  -1.1399999999441206e+01
  -1.1799999999813735e+01
  -1.1900000000372529e+01
  -1.3199999999254942e+01
  -1.3800000000745058e+01
  -1.4900000000372529e+01
  -1.5800000000745058e+01
  -1.6999999999068677e+01
  -1.6900000000372529e+01
  -1.6100000000558794e+01
  -1.5599999999627471e+01
  -1.5000000000931323e+01
  -1.4000000000000000e+01
  -1.3800000000745058e+01
  -1.3100000000558794e+01
  -1.3199999999254942e+01
  -1.2000000000931323e+01
  -1.0000000000000000e+01
  -8.6999999992549419e+00
  -8.2999999998137355e+00
  -8.0000000000000000e+00
  -8.6999999992549419e+00
  -8.2999999998137355e+00
  -7.8000000007450581e+00
  -6.3999999994412065e+00
  -4.4000000003725290e+00
  -3.9000000003725290e+00
  -3.6999999992549419e+00
  -2.5999999996274710e+00
  -2.5999999996274710e+00
  -2.1999999992549419e+00
  -2.5000000009313226e+00
  -1.0000000009313226e+00
  -1.2000000001862645e+00
  -1.0000000009313226e+00
  -1.3000000007450581e+00
  -3.0000000000000000e+00
  -3.2000000001862645e+00
  -4.7000000001862645e+00
  -5.6999999992549419e+00
  -6.5000000000000000e+00
  -7.5999999996274710e+00
  -9.0999999996274710e+00
  -1.1200000000186265e+01
  -1.1900000000372529e+01
  -1.2599999999627471e+01
  -1.4799999999813735e+01
  -1.6199999999254942e+01
  -1.7399999999441206e+01
  -1.8400000000372529e+01
  -1.9900000000372529e+01
  -1.9400000000372529e+01
  -1.9200000001117587e+01
  -1.8299999999813735e+01
  -1.8599999999627471e+01
  -1.8599999999627471e+01
  -1.8599999999627471e+01
  -1.8000000000000000e+01
  -1.7600000000558794e+01
  -1.6700000000186265e+01
  -1.5800000000745058e+01
  -1.4299999998882413e+01
  -1.3800000000745058e+01
  -1.2700000000186265e+01
  -1.2300000000745058e+01
  -1.0500000000931323e+01
  -9.6000000005587935e+00
  -7.4000000003725290e+00
  -5.6999999992549419e+00
  -5.2000000011175871e+00
  -5.1000000005587935e+00
  -4.4999999990686774e+00
  -3.9000000003725290e+00
  -2.9000000003725290e+00
  -1.7999999988824129e+00
  -2.9999999888241291e-01
   5.9999999962747097e-01
   7.0000000018626451e-01
   2.9999999981373549e-01
   7.0000000018626451e-01
   4.0000000037252903e-01
   1.2000000001862645e+00
   2.0999999996274710e+00
   2.7999999998137355e+00
   2.7999999998137355e+00
   1.6999999992549419e+00
   4.9999999906867743e-01
  -1.5999999996274710e+00
  -1.3000000007450581e+00
  -1.4000000003725290e+00
  -1.0999999996274710e+00
  -1.3000000007450581e+00
  -6.0000000055879354e-01
  -3.0000000000000000e+00
  -4.0000000000000000e+00
  -5.2999999998137355e+00
  -5.2000000011175871e+00
  -4.7000000001862645e+00
  -4.0000000000000000e+00
  -3.7999999998137355e+00
  -3.3999999994412065e+00
  -5.4000000003725290e+00
  -8.2000000001862645e+00
  -9.7999999998137355e+00
  -1.1399999999441206e+01
  -1.1699999999254942e+01
  -1.1500000000000000e+01
  -1.2700000000186265e+01
  -1.3299999999813735e+01
  -1.4299999998882413e+01
  -1.7099999999627471e+01
  -1.7600000000558794e+01
  -1.8899999999441206e+01
  -1.8199999999254942e+01
  -1.7300000000745058e+01
  -1.6900000000372529e+01
  -1.8099999999627471e+01
  -1.9799999999813735e+01
  -2.1700000000186265e+01
  -2.2000000000000000e+01
  -2.2399999999441206e+01
  -2.2000000000000000e+01
  -2.2000000000000000e+01
  -2.1800000000745058e+01
  -2.1700000000186265e+01
  -2.3599999999627471e+01
  -2.3899999999441206e+01
  -2.3300000000745058e+01
  -2.2900000000372529e+01
  -2.2299999999813735e+01
  -2.0700000000186265e+01
  -2.0300000000745058e+01
  -1.9699999999254942e+01
  -1.9900000000372529e+01
  -1.9900000000372529e+01
  -1.8199999999254942e+01
  -1.6400000000372529e+01
  -1.4399999999441206e+01
  -1.2099999999627471e+01
  -1.1299999999813735e+01
  -1.0899999999441206e+01
  -1.1600000000558794e+01
  -1.1000000000000000e+01
  -9.7999999998137355e+00
  -8.1000000005587935e+00
  -7.5999999996274710e+00
  -7.1999999992549419e+00
  -7.0999999996274710e+00
  -7.1999999992549419e+00
  -7.4000000003725290e+00
  -7.7000000001862645e+00
  -6.9000000003725290e+00
  -6.2000000001862645e+00
  -6.3000000007450581e+00
  -6.7000000011175871e+00
  -6.6000000005587935e+00
  -6.9000000003725290e+00
  -7.2999999998137355e+00
  -7.4000000003725290e+00
  -6.9000000003725290e+00
  -6.3000000007450581e+00
  -5.9999999990686774e+00
  -5.7999999998137355e+00
  -5.0000000000000000e+00
  -5.1000000005587935e+00
  -5.4000000003725290e+00
  -4.4999999990686774e+00
  -4.5999999996274710e+00
  -4.2999999998137355e+00
  -3.3999999994412065e+00
  -3.2000000001862645e+00
  -2.1000000005587935e+00
  -1.0000000009313226e+00
  -1.7999999988824129e+00
  -1.3000000007450581e+00
  -1.3000000007450581e+00
  -6.0000000055879354e-01
  -6.0000000055879354e-01
  -6.0000000055879354e-01
  -2.9999999888241291e-01
   7.0000000018626451e-01
  -5.0000000000000000e-01
  -5.0000000000000000e-01
  -1.4000000003725290e+00
  -1.7000000001862645e+00
  -1.5999999996274710e+00
  -2.1000000005587935e+00
  -2.5999999996274710e+00
  -3.9000000003725290e+00
  -5.0000000000000000e+00
  -6.7000000011175871e+00
  -7.4000000003725290e+00
  -8.2000000001862645e+00
  -8.7999999998137355e+00
  -8.5000000000000000e+00
  -9.0999999996274710e+00
  -1.0100000000558794e+01
  -1.1099999999627471e+01
  -1.1600000000558794e+01
  -1.1500000000000000e+01
  -1.1200000000186265e+01
  -1.1200000000186265e+01
  -9.8999999994412065e+00
  -8.9000000003725290e+00
  -9.7000000001862645e+00
  -1.1000000000000000e+01
  -1.1500000000000000e+01
  -1.1600000000558794e+01
  -1.0599999999627471e+01
  -1.0500000000931323e+01
  -1.0599999999627471e+01
  -1.0599999999627471e+01
  -1.1900000000372529e+01
  -1.2899999999441206e+01
  -1.3199999999254942e+01
  -1.1799999999813735e+01
  -1.1699999999254942e+01
  -1.0899999999441206e+01
  -1.0000000000000000e+01
  -1.0899999999441206e+01
  -1.1299999999813735e+01
  -1.1399999999441206e+01
  -1.1299999999813735e+01
  -1.0000000000000000e+01
  -9.0999999996274710e+00
  -8.6999999992549419e+00
  -8.1000000005587935e+00
  -8.0000000000000000e+00
  -8.7999999998137355e+00
  -9.0999999996274710e+00
  -8.6000000005587935e+00
  -7.4000000003725290e+00
  -5.9999999990686774e+00
  -5.6999999992549419e+00
  -4.4999999990686774e+00
  -3.9000000003725290e+00
  -4.2000000001862645e+00
  -2.5999999996274710e+00
  -2.1000000005587935e+00
  -1.5999999996274710e+00
  -7.9999999981373549e-01
  -2.0000000018626451e-01
   0.0000000000000000e+00
  -1.0000000009313226e+00
  -1.5999999996274710e+00
  -1.0000000009313226e+00
  -1.5000000000000000e+00
  -1.7999999988824129e+00
  -1.8999999994412065e+00
  -2.1000000005587935e+00
  -2.4000000003725290e+00
  -4.0999999996274710e+00
  -5.0000000000000000e+00
  -5.5000000000000000e+00
  -5.6999999992549419e+00
  -7.0999999996274710e+00
  -7.2999999998137355e+00
  -8.6999999992549419e+00
  -9.6000000005587935e+00
  -1.0899999999441206e+01
  -1.2000000000931323e+01
  -1.2300000000745058e+01
  -1.2500000000000000e+01
  -1.3000000000000000e+01
  -1.2799999998882413e+01
  -1.2500000000000000e+01
  -1.2400000000372529e+01
  -1.1699999999254942e+01
  -1.0599999999627471e+01
  -1.0899999999441206e+01
  -1.0500000000931323e+01
  -1.0700000000186265e+01
  -1.0100000000558794e+01
  -1.0000000000000000e+01
  -9.8999999994412065e+00
  -9.3000000007450581e+00
  -8.5000000000000000e+00
  -7.1999999992549419e+00
  -7.0000000000000000e+00
  -7.4000000003725290e+00
  -6.3999999994412065e+00
  -5.9999999990686774e+00
  -5.2999999998137355e+00
  -4.7000000001862645e+00
  -3.0999999996274710e+00
  -3.0999999996274710e+00
  -2.5000000009313226e+00
  -1.5999999996274710e+00
  -1.8999999994412065e+00
  -7.9999999981373549e-01
  -6.0000000055879354e-01
  -6.0000000055879354e-01
   4.0000000037252903e-01
  -9.9999999627470970e-02
  -5.0000000000000000e-01
  -2.9999999888241291e-01
  -2.0000000018626451e-01
   0.0000000000000000e+00
   7.0000000018626451e-01
   7.0000000018626451e-01
  -2.0000000018626451e-01
  -6.9999999925494194e-01
  -1.0999999996274710e+00
  -9.9999999627470970e-02
  -5.0000000000000000e-01
  -1.7999999988824129e+00
  -2.1999999992549419e+00
  -3.0000000000000000e+00
  -4.8000000007450581e+00
  -6.2000000001862645e+00
  -6.0999999996274710e+00
  -4.8000000007450581e+00
  -5.2000000011175871e+00
  -6.7999999998137355e+00
  -7.7000000001862645e+00
  -8.9000000003725290e+00
  -9.2000000001862645e+00
  -8.2000000001862645e+00
  -8.2000000001862645e+00
  -6.2000000001862645e+00
  -5.6999999992549419e+00
  -7.0000000000000000e+00
  -7.0999999996274710e+00
  -7.0000000000000000e+00
  -8.4000000003725290e+00
  -7.8000000007450581e+00
  -5.5999999996274710e+00
  -2.5999999996274710e+00
  -2.1000000005587935e+00
  -2.7999999998137355e+00
  -3.3000000007450581e+00
  -3.0000000000000000e+00
  -3.2000000001862645e+00
  -2.5999999996274710e+00
  -6.0000000055879354e-01
  -2.0000000018626451e-01
   5.9999999962747097e-01
  -2.1000000005587935e+00
  -3.5000000000000000e+00
  -4.4999999990686774e+00
  -5.5000000000000000e+00
  -5.6999999992549419e+00
  -5.2000000011175871e+00
  -6.3000000007450581e+00
  -7.0000000000000000e+00
  -8.6999999992549419e+00
  -9.7999999998137355e+00
  -9.5000000000000000e+00
  -1.0199999999254942e+01
  -1.0000000000000000e+01
  -9.3000000007450581e+00
  -9.0999999996274710e+00
  -9.7999999998137355e+00
  -1.0899999999441206e+01
  -1.2500000000000000e+01
  -1.3700000000186265e+01
  -1.4299999998882413e+01
  -1.5700000000186265e+01
  -1.6900000000372529e+01
  -1.8700000000186265e+01
  -2.0900000000372529e+01
  -2.1499999999068677e+01
  -2.3700000000186265e+01
  -2.3099999999627471e+01
  -2.3500000000000000e+01
  -2.3700000000186265e+01
  -2.2100000000558794e+01
  -2.2000000000000000e+01
  -2.1400000000372529e+01
  -2.1700000000186265e+01
  -2.0700000000186265e+01
  -2.0799999999813735e+01
  -2.0200000000186265e+01
  -1.9999999999068677e+01
  -1.8800000000745058e+01
  -1.9000000000000000e+01
  -1.9799999999813735e+01
  -1.9500000000000000e+01
  -1.8700000000186265e+01
  -1.8199999999254942e+01
  -1.7700000001117587e+01
  -1.6999999999068677e+01
  -1.5000000000931323e+01
  -1.4500000000000000e+01
  -1.4299999998882413e+01
  -1.3500000000931323e+01
  -1.2000000000931323e+01
  -1.0599999999627471e+01
  -9.3999999994412065e+00
  -8.2000000001862645e+00
  -5.4000000003725290e+00
  -4.0999999996274710e+00
  -3.5000000000000000e+00
  -2.9000000003725290e+00
  -1.0999999996274710e+00
  -1.5999999996274710e+00
  -1.3000000007450581e+00
   1.9999999925494194e-01
   7.0000000018626451e-01
   2.7000000001862645e+00
   1.6000000005587935e+00
   1.9000000003725290e+00
   2.7000000001862645e+00
   1.9999999990686774e+00
   8.9999999944120646e-01
   1.5000000000000000e+00
   2.3000000007450581e+00
   3.2999999998137355e+00
   3.1999999992549419e+00
   1.9000000003725290e+00
   1.5000000000000000e+00
  -5.0000000000000000e-01
  -2.0000000000000000e+00
  -1.8999999994412065e+00
  -6.0000000055879354e-01
  -1.3000000007450581e+00
  -2.1000000005587935e+00
  -4.7000000001862645e+00
  -5.9000000003725290e+00
  -7.8999999994412065e+00
  -8.7999999998137355e+00
  -7.4999999990686774e+00
  -6.3999999994412065e+00
  -7.7000000001862645e+00
  -8.5000000000000000e+00
  -1.0299999999813735e+01
  -1.0899999999441206e+01
  -1.1099999999627471e+01
  -9.7999999998137355e+00
  -7.8000000007450581e+00
  -5.9000000003725290e+00
  -6.0999999996274710e+00
  -6.3000000007450581e+00
  -6.7999999998137355e+00
  -6.3999999994412065e+00
  -5.4000000003725290e+00
  -3.3999999994412065e+00
  -6.0000000055879354e-01
   1.5000000000000000e+00
   1.2000000001862645e+00
   1.2000000001862645e+00
   1.2999999998137355e+00
   1.6000000005587935e+00
   1.9000000003725290e+00
   3.4000000003725290e+00
   5.4000000003725290e+00
   6.1999999992549419e+00
   4.5000000000000000e+00
   2.8999999994412065e+00
   2.5000000000000000e+00
   2.3000000007450581e+00
   3.1999999992549419e+00
   4.0000000000000000e+00
   5.8999999994412065e+00
   5.4000000003725290e+00
   4.0000000000000000e+00
   2.0999999996274710e+00
   8.0000000074505806e-01
   0.0000000000000000e+00
  -9.9999999627470970e-02
   5.9999999962747097e-01
   8.9999999944120646e-01
  -1.3000000007450581e+00
  -3.6000000005587935e+00
  -5.2000000011175871e+00
  -5.1000000005587935e+00
  -4.8000000007450581e+00
  -4.8999999994412065e+00
  -4.8999999994412065e+00
  -5.2000000011175871e+00
  -7.4000000003725290e+00
  -9.3000000007450581e+00
  -1.0599999999627471e+01
  -1.0899999999441206e+01
  -9.8999999994412065e+00
  -1.0199999999254942e+01
  -9.7999999998137355e+00
  -1.0400000000372529e+01
  -1.1699999999254942e+01
  -1.3199999999254942e+01
  -1.4200000000186265e+01
  -1.4000000000000000e+01
  -1.2500000000000000e+01
  -1.1799999999813735e+01
  -1.1000000000000000e+01
  -1.0800000000745058e+01
  -1.1699999999254942e+01
  -1.1900000000372529e+01
  -1.0700000000186265e+01
  -8.6000000005587935e+00
  -6.3000000007450581e+00
  -5.2999999998137355e+00
  -5.0000000000000000e+00
  -4.8999999994412065e+00
  -5.5999999996274710e+00
  -7.0000000000000000e+00
  -5.9999999990686774e+00
  -5.2000000011175871e+00
  -4.2999999998137355e+00
  -4.8999999994412065e+00
  -5.1000000005587935e+00
  -5.6999999992549419e+00
  -7.8000000007450581e+00
  -8.9999999990686774e+00
  -8.6999999992549419e+00
  -9.0999999996274710e+00
  -9.2000000001862645e+00
  -9.7000000001862645e+00
  -1.0800000000745058e+01
  -1.2400000000372529e+01
  -1.4399999999441206e+01
  -1.5700000000186265e+01
  -1.5299999999813735e+01
  -1.4900000000372529e+01
  -1.5099999999627471e+01
  -1.5500000000000000e+01
  -1.5800000000745058e+01
  -1.7700000001117587e+01
  -1.9000000000000000e+01
  -1.8800000000745058e+01
  -1.7200000000186265e+01
  -1.5599999999627471e+01
  -1.5000000000931323e+01
  -1.4299999998882413e+01
  -1.3900000000372529e+01
  -1.3800000000745058e+01
  -1.3700000000186265e+01
  -1.1500000000000000e+01
  -9.0999999996274710e+00
  -5.9999999990686774e+00
  -5.7999999998137355e+00
  -5.4000000003725290e+00
  -6.0999999996274710e+00
  -5.2999999998137355e+00
  -4.2000000001862645e+00
  -3.3000000007450581e+00
  -7.9999999981373549e-01
   7.0000000018626451e-01
   8.0000000074505806e-01
   0.0000000000000000e+00
   5.9999999962747097e-01
  -9.9999999627470970e-02
   5.9999999962747097e-01
   1.5000000000000000e+00
   3.5000000009313226e+00
   3.8000000007450581e+00
   2.3000000007450581e+00
   9.9999999627470970e-02
  -3.9999999944120646e-01
  -1.5999999996274710e+00
  -1.3000000007450581e+00
  -2.0000000000000000e+00
  -1.4000000003725290e+00
  -2.5999999996274710e+00
  -6.6000000005587935e+00
  -9.7999999998137355e+00
  -1.1299999999813735e+01
  -1.2200000000186265e+01
  -1.4600000000558794e+01
  -1.5400000000372529e+01
  -1.5599999999627471e+01
  -1.7900000000372529e+01
  -1.9900000000372529e+01
  -2.0399999999441206e+01
  -2.0099999999627471e+01
  -1.9699999999254942e+01
  -1.9400000000372529e+01
  -1.8199999999254942e+01
  -1.6900000000372529e+01
  -1.7300000000745058e+01
  -1.8400000000372529e+01
  -1.6999999999068677e+01
  -1.4900000000372529e+01
  -1.3299999999813735e+01
  -1.1299999999813735e+01
  -9.2000000001862645e+00
  -7.8000000007450581e+00
  -7.4999999990686774e+00
  -8.9999999990686774e+00
  -8.4000000003725290e+00
  -6.3000000007450581e+00
  -5.5999999996274710e+00
  -4.2000000001862645e+00
  -1.7000000001862645e+00
  -1.5999999996274710e+00
  -2.0000000000000000e+00
  -2.1000000005587935e+00
  -1.7999999988824129e+00
  -5.0000000000000000e-01
  -3.9999999944120646e-01
  -2.0000000018626451e-01
  -9.9999999627470970e-02
  -1.2000000001862645e+00
  -3.3000000007450581e+00
  -5.0000000000000000e+00
  -4.0999999996274710e+00
  -3.3999999994412065e+00
  -2.7999999998137355e+00
  -3.0000000000000000e+00
  -4.0000000000000000e+00
  -6.7999999998137355e+00
  -9.3000000007450581e+00
  -1.0899999999441206e+01
  -1.0599999999627471e+01
  -9.3999999994412065e+00
  -8.2000000001862645e+00
  -8.5000000000000000e+00
  -8.7999999998137355e+00
  -1.0400000000372529e+01
  -1.2200000000186265e+01
  -1.1299999999813735e+01
  -9.3000000007450581e+00
  -6.5000000000000000e+00
