2.544379904011310373e+03
2.091476676877058253e+03
3.531802254247487781e+03
3.370450455410616087e+03
2.235734322636837533e+03
2.521991252818224893e+03
3.718962920687881706e+03
7.726440990870304631e+03
8.219747030333648581e+03
5.785702729069367706e+03
5.433807868799024618e+03
4.036125804346196219e+03
2.928438443886116602e+03
5.061728174065717212e+03
6.152577706405917525e+03
3.407994111577246258e+03
5.376509257251882445e+03
9.039727633640171916e+03
8.290944593684338543e+03
8.080446506723566927e+03
7.436464936343479167e+03
6.126368599462762177e+03
3.862742602223745962e+03
3.177815941744407610e+03
