5.591152995017094618e+00
3.761111374143460750e+00
4.602530284549606776e+00
6.031660167923048377e+00
3.371651706581815677e+00
4.400201249993721753e+00
6.140500772207327707e+00
5.814957246728615026e+00
6.119251102477837989e+00
5.116251856888697880e+00
5.434003950431130825e+00
5.855731999910830154e+00
5.474090734028876248e+00
3.475964346168226804e+00
5.330456924150795750e+00
4.859260036473441069e+00
4.457286622096505724e+00
3.388058798074296885e+00
5.815519184342461401e+00
5.400553438621325419e+00
4.583270200821314866e+00
6.561676970753615556e+00
4.515944099847893689e+00
4.900878421713730226e+00
