4.457961165441111007e+03
4.104849842863020967e+03
5.000900267590631302e+03
8.182708551786887256e+03
6.976953517033944991e+03
6.060134137774804003e+03
9.895603487595699335e+03
1.237019183722830348e+04
1.577396164594284892e+04
1.392917925873389686e+04
1.100492675377586420e+04
8.704290434919965264e+03
5.928620111074752458e+03
1.379090846439299094e+04
1.504601957032109749e+04
8.785614360940347979e+03
9.829038577438817811e+03
2.020282927468311027e+04
1.636653973293220770e+04
1.576045794648717310e+04
1.690039003143261289e+04
1.409739651626827253e+04
9.592578896756411268e+03
6.236109612834447034e+03
