   2.0166666030883791e+00
  -1.0863333129882813e+01
  -4.0599998474121097e+00
  -8.1233329772949219e+00
  -6.2000000000000002e+00
   1.3300000190734864e+00
   1.2650000000000000e+01
   6.7933326721191403e+00
  -1.8666666746139526e-01
   5.6166667938232422e+00
   6.7333331108093264e-01
   5.2999996185302738e+00
   2.2599998474121095e+00
  -7.5566665649414064e+00
  -1.0766666412353516e+00
  -5.8533329010009769e+00
  -8.0566665649414055e+00
   2.5466665267944335e+00
  -3.7399997711181641e+00
   1.2666666412353516e+01
  -4.3499996185302736e+00
  -4.5299999237060549e+00
  -5.2233333587646484e+00
   1.4966665267944337e+00
  -4.4666664123535158e+00
  -7.9133331298828127e+00
  -2.9466667175292969e+00
   1.0599999237060548e+01
   4.9966663360595707e+00
   5.1133331298828129e+00
   3.4833332061767579e+00
   8.1666669845581052e-01
  -1.1266666412353517e+00
   1.2433333396911621e+00
  -4.7999996185302738e+00
   5.9266662597656250e+00
  -5.3733329772949219e+00
  -3.0633331298828126e+00
  -3.1066665649414063e+00
  -8.2699996948242180e+00
  -4.5166664123535156e+00
   8.9299995422363274e+00
  -5.8166660308837894e+00
  -6.0033332824707033e+00
  -1.7033330917358398e+00
  -1.0766666412353516e+00
   5.0199996948242189e+00
  -3.1066665649414063e+00
  -1.2573332214355469e+01
  -3.3599998474121096e+00
   7.9266662597656250e+00
   3.8799995422363280e+00
   5.0999999046325684e-01
  -5.2899997711181639e+00
  -1.4066665649414063e+00
  -6.0366661071777346e+00
  -5.4000000953674321e-01
   1.9933332443237304e+00
  -3.9733333587646484e+00
   6.5566665649414064e+00
  -8.1866661071777340e+00
   6.1166667938232422e+00
  -3.5066665649414062e+00
  -2.1766664505004885e+00
   2.2266666412353517e+00
   4.5299999237060549e+00
  -2.7666666507720949e-01
  -7.7433326721191404e+00
  -2.3633331298828124e+00
  -1.7133333206176757e+00
   5.3233329772949221e+00
   2.7500000000000000e+00
   6.6499992370605465e+00
  -9.5399993896484379e+00
   7.7166664123535158e+00
  -1.0986666107177735e+01
   1.4399998664855957e+00
  -1.7333332061767579e+00
   6.1999998092651365e-01
  -3.4066661834716796e+00
  -7.0433326721191403e+00
   1.2533332824707031e+00
  -6.4199996948242184e+00
  -9.9733329772949215e+00
  -1.7866664886474610e+00
   2.1166666030883787e+00
   4.8133331298828121e+00
  -2.9433332443237306e+00
  -3.1899997711181642e+00
  -6.3333330154418943e-01
   1.1193332672119141e+01
  -1.1026665496826173e+01
   1.6233331680297851e+00
   1.1769998931884766e+01
  -1.8033332824707031e+00
   1.2633333206176758e+00
  -1.0676666259765625e+01
  -1.6799999237060548e+00
  -5.3566665649414063e+00
  -2.3199998855590822e+00
  -1.6299999237060547e+00
   5.4566661834716799e+00
   7.4166664123535160e+00
  -1.6499998092651367e+00
  -2.6366664886474611e+00
   5.6233329772949219e+00
  -6.2466663360595707e+00
  -8.1033332824707038e+00
  -1.5233332824707031e+01
   7.3366668701171873e+00
   6.3666663169860838e-01
  -1.6566665649414063e+00
   3.8066665649414064e+00
  -5.9633331298828125e+00
  -1.5133333206176758e+00
   1.1289999389648438e+01
   5.2099998474121092e+00
   3.3333331346511843e-03
   3.5599998474121093e+00
  -2.3399999618530272e+00
   3.2199996948242187e+00
   1.7566665649414062e+00
  -6.6366661071777342e+00
  -4.9333333969116211e-01
  -4.9000000000000004e+00
  -2.3333333432674408e-02
  -7.4533325195312496e+00
  -7.2333328247070314e+00
  -9.2333326339721677e-01
  -4.9133331298828127e+00
  -4.9799999237060550e+00
  -8.3900001525878913e+00
  -6.5833328247070311e+00
   1.0713333129882813e+01
   4.5899997711181637e+00
  -1.5500000000000000e+00
   3.2066665649414063e+00
   4.2233333587646484e+00
   1.4933333396911621e+00
   4.7799999237060549e+00
  -1.8889999389648438e+01
   4.0166667938232425e+00
   1.1636666107177735e+01
  -1.5500000000000000e+00
  -1.1226666259765626e+01
  -4.1633331298828127e+00
  -4.0633331298828121e+00
   1.0773332977294922e+01
   4.0499996185302738e+00
   1.0256665802001953e+01
  -1.7433332443237304e+00
  -1.1466666221618653e+00
  -1.0026666259765625e+01
  -7.0166664123535156e+00
  -1.2229999542236328e+01
   1.7599998474121095e+00
  -9.0999994277954099e-01
   6.8466659545898434e+00
  -5.2333332061767575e+00
  -1.0149999237060547e+01
  -8.1499992370605465e+00
   3.1399999618530274e+00
  -4.3999996185302737e-01
  -9.3666658401489256e-01
  -1.8199998855590820e+00
   5.1033329010009769e+00
   2.9533330917358400e+00
  -1.3133332252502441e+00
   3.1299997329711915e+00
   8.7066658020019538e+00
   1.5500000000000000e+00
   9.7333326339721682e-01
   4.7933334350585941e+00
   1.0126666259765624e+01
  -8.4299995422363274e+00
   1.6833332061767579e+00
   4.0366664886474606e+00
   2.3666665554046631e-01
   3.0933332443237305e+00
   4.2433330535888674e+00
  -1.7533332824707031e+00
  -3.1466665267944336e+00
   2.5633333206176756e+00
  -6.5866668701171873e+00
   3.4999997615814210e-01
   9.9666662216186519e-01
  -4.4699996948242191e+00
   1.6566665649414063e+00
   1.4266665458679200e+00
   2.2766666412353516e+00
  -4.6299995422363285e+00
   5.3366664886474613e+00
   9.6999988555908201e-01
   5.7999997138977055e-01
  -5.8733329772949219e+00
   5.0833332061767580e+00
  -6.0999996185302736e+00
   1.7433332443237304e+00
  -6.2000000000000002e+00
   4.0866664886474613e+00
  -4.4066661834716800e+00
  -7.6333332061767578e-01
   6.4666662216186521e-01
  -1.3933332443237305e+00
  -7.1833328247070316e+00
  -8.1400001525878913e+00
  -2.5566665649414064e+00
   6.0399993896484379e+00
  -1.2033332824707030e+00
  -1.4680000305175781e+01
  -1.3146665954589844e+01
   1.2399999618530273e+00
   1.2606666564941406e+01
  -1.8466665649414061e+01
   2.9573333740234375e+01
   1.5356666564941406e+01
  -3.2099998474121092e+00
  -1.9896665954589842e+01
   1.0233332824707031e+01
  -1.1516666412353516e+01
   5.2033332824707035e+00
  -4.1533332824707028e+00
   9.6499992370605465e+00
   4.9366664886474609e+00
   1.7966665267944335e+00
   1.4399998664855957e+00
   5.9233333587646486e+00
   1.4999998807907106e-01
  -1.3399999618530274e+00
  -1.1633333206176757e+00
   2.4066665649414061e+00
   2.1733333587646486e+00
  -1.9666666030883788e+00
  -4.1733329772949217e+00
   1.2399999618530273e+00
  -5.3333330154418948e-02
   2.9399997711181642e+00
  -4.0366664886474606e+00
   7.1999993324279787e-01
   4.6766666412353519e+00
  -5.2533329010009764e+00
   6.4333328247070316e+00
   1.5333331823349000e-01
  -4.5799999237060547e+00
  -1.2933332443237304e+00
   1.7766666412353516e+00
  -5.4666666984558110e-01
   5.2133331298828125e+00
  -2.8033332824707031e+00
  -3.7333332061767579e+00
  -8.3999996185302739e-01
   1.4133332252502442e+00
   5.1533332824707028e+00
   1.1609999084472657e+01
   1.8999999761581421e-01
   1.1599999427795411e+00
  -1.2099999427795409e+00
   7.8999996185302734e-01
  -8.5333328247070317e-01
  -6.2566665649414066e+00
  -8.1299995422363285e+00
   1.7799999237060546e+00
  -9.1899993896484382e+00
   4.0633331298828121e+00
   7.1899993896484373e+00
   3.7066665649414063e+00
   3.7399997711181641e+00
  -2.3299999237060547e+00
   1.1766666412353516e+01
  -6.2666664123535154e-01
  -8.1833328247070316e+00
   4.8766666412353512e+00
  -9.0666666030883791e-01
  -1.1323332214355469e+01
  -3.3966663360595701e+00
   3.6700000762939453e+00
   1.1180000305175781e+01
   3.7633331298828123e+00
   2.9433332443237306e+00
  -5.0666664123535154e+00
  -2.9166666030883790e+00
   2.4100000381469728e+00
  -5.0233329772949222e+00
  -1.2489998626708985e+01
  -6.0966663360595703e+00
   9.5733329772949212e+00
  -1.2173332977294923e+01
   1.0466666412353515e+01
   9.0299995422363288e+00
   5.2133331298828125e+00
   6.7699996948242189e+00
  -2.4933332443237304e+00
  -1.1666666269302368e-01
  -3.0299999237060549e+00
   2.8799997329711915e+00
  -4.8599998474121096e+00
   1.4313333129882812e+01
  -1.2416666412353516e+01
  -9.1499992370605465e+00
  -2.9733333587646484e+00
   3.8966663360595701e+00
  -5.7399997711181641e+00
   6.9766662597656248e+00
  -5.9966663360595707e+00
  -4.9233329772949217e+00
   2.3999998092651369e+00
   2.1066665649414063e+00
  -3.1733331680297852e+00
   8.7399993896484371e+00
  -3.3966663360595701e+00
   2.5833332061767580e+00
  -1.3599999427795411e+00
  -2.3733331680297853e+00
  -3.5933330535888670e+00
   3.8999998569488525e-01
  -3.7233333587646484e+00
  -1.7199998855590821e+00
  -2.4533330917358400e+00
   9.3866661071777351e+00
  -3.1866664886474609e+00
  -1.1233332633972168e+00
   1.0233332633972168e+00
   1.5199999809265137e+00
   3.5333332061767577e+00
   7.6333328247070309e+00
   5.6333332061767583e-01
  -4.3200000762939457e+00
  -4.9233329772949217e+00
   1.6033332824707032e+00
  -8.3133323669433601e+00
   7.1799995422363283e+00
  -6.7566665649414066e+00
   5.3433326721191410e+00
   3.9666664123535158e+00
   1.0359999847412109e+01
   2.1666665077209474e-01
   1.3066665649414062e+00
  -3.3099998474121093e+00
  -1.4663331604003906e+01
  -9.0033332824707024e+00
   5.4399997711181642e+00
   3.0999999046325682e-01
   1.4833332061767579e+00
   9.4399993896484382e+00
  -2.9633331298828125e+00
   8.8799995422363285e+00
  -9.7599990844726570e+00
  -2.7333332061767579e+00
  -1.4446665954589843e+01
   8.2666664123535156e+00
   1.2753332519531250e+01
   1.3449998474121093e+01
  -3.8666665554046631e-01
  -1.6600000381469726e+00
  -1.4466665649414063e+01
  -5.1899997711181642e+00
   8.8799995422363285e+00
  -3.4899997711181641e+00
   1.0109999847412109e+01
  -7.3666667938232422e-01
  -5.2233333587646484e+00
   8.1466659545898441e+00
  -3.0299999237060549e+00
  -6.1633331298828127e+00
  -2.4033332824707032e+00
   4.0799999237060547e+00
  -4.3466667175292972e+00
   9.6133331298828129e+00
   5.1766666412353519e+00
   1.8099998474121093e+00
  -5.6166667938232422e+00
   7.0233329772949222e+00
   9.9799995422363281e+00
  -5.7833332061767582e+00
  -1.3119999694824219e+01
  -6.5566665649414064e+00
   1.1106666564941406e+01
   9.5500000000000007e+00
  -1.1999999046325684e+00
   5.7733329772949222e+00
  -4.0233329772949222e+00
  -5.0233329772949222e+00
  -7.9999995231628415e-02
  -1.4506666564941407e+01
  -6.0766662597656254e+00
   9.2133331298828125e+00
   2.8933330535888673e+00
   1.2319999694824219e+01
   9.9999994039535519e-03
  -5.2333332061767575e+00
  -2.0333333015441896e-01
   2.7466665267944337e+00
   1.0593332672119141e+01
   1.2466666221618652e+00
  -1.2083332824707032e+01
  -1.9399997711181640e+00
  -1.6149999999999999e+01
  -1.0059999084472656e+01
   7.8799995422363285e+00
  -6.7533332824707033e+00
   2.4333332061767576e+00
   4.7699996948242189e+00
  -1.0379999542236328e+01
  -5.9633331298828125e+00
  -6.5033332824707033e+00
   1.4336665344238281e+01
   2.3966667175292971e+00
  -1.1000000000000001e+00
   2.5399999618530273e+00
   2.8133331298828126e+00
  -7.4133331298828127e+00
  -1.1056665802001953e+01
   3.3333331346511841e-02
   1.1340000152587891e+01
  -8.5333328247070317e-01
   1.3966666221618653e+00
  -3.9366664886474609e+00
  -1.7699998855590819e+00
  -4.8866664886474611e+00
   1.1509999084472657e+01
   4.0666666030883791e-01
  -3.1233331680297853e+00
  -1.2263333129882813e+01
  -4.3166664123535154e+00
  -8.5999992370605476e+00
   1.1013333129882813e+01
   1.2066665649414063e+00
  -1.3866665840148926e+00
   1.8666666030883790e+00
  -3.4799999237060546e+00
  -6.1833328247070316e+00
   4.2533329010009764e+00
   3.4533332824707030e+00
  -3.1633331298828127e+00
  -3.8133331298828126e+00
  -8.6433334350585938e+00
  -4.5633331298828121e+00
  -1.1269998931884766e+01
   2.2633333206176758e+00
  -4.2599998474121090e+00
   2.2199998855590821e+00
  -5.4533329010009766e+00
   4.9133331298828127e+00
  -6.3999996185302732e-01
   6.1633331298828127e+00
  -2.7266664505004883e+00
  -2.5433332443237306e+00
   1.3666666746139527e-01
  -6.9966667175292967e+00
   2.8500000000000001e+00
  -2.2933332443237306e+00
  -2.1899997711181642e+00
   1.7066665649414063e+00
  -2.3166666030883789e+00
   4.2233333587646484e+00
   5.4299995422363283e+00
  -2.6333332061767578e-01
   4.5366664886474606e+00
  -5.4766666412353517e+00
  -1.4133332252502442e+00
   1.9933332443237304e+00
  -3.2233333587646484e+00
  -1.8066665649414062e+00
   1.4999998807907106e-01
  -2.0566665649414064e+00
   3.8399997711181642e+00
  -8.8533332824707038e+00
  -9.4399993896484382e+00
   4.5799999237060547e+00
   3.0433332443237306e+00
  -7.0666661262512209e-01
   7.2299995422363281e+00
  -6.9666664123535158e+00
   8.0399993896484379e+00
  -1.1833332824707032e+01
  -9.6133331298828129e+00
   9.1099998474121087e+00
  -3.9733333587646484e+00
  -2.3199998855590822e+00
   5.1633331298828127e+00
  -9.7666654586791990e-01
  -3.2833332061767577e+00
   5.4933330535888674e+00
  -6.3999996185302732e-01
   5.4966663360595707e+00
   2.1550000000000001e+01
   9.7133331298828125e+00
  -1.2363333129882813e+01
   1.5566666603088379e+00
  -1.3109999084472657e+01
  -9.9999994039535519e-03
  -1.0333333015441895e+00
  -9.0733329772949212e+00
   1.2573332214355469e+01
  -1.1529999542236329e+01
  -1.1069999694824219e+01
  -2.3133333206176756e+00
   7.3000001907348633e-01
   7.7999999999999998e+00
   1.3086665344238281e+01
  -6.2999997138977049e-01
   7.5666664123535154e+00
  -3.7599998474121095e+00
  -1.3513333129882813e+01
   3.0033332824707033e+00
   2.6366664886474611e+00
  -6.8799995422363285e+00
   5.9433330535888675e+00
   6.7666664123535158e-01
   6.0866664886474613e+00
  -1.6919999694824220e+01
  -2.3533332824707029e+00
   3.4099998474121094e+00
   3.5166667938232421e+00
   2.3466665267944338e+00
   1.0333333015441895e+00
  -7.4133331298828127e+00
  -4.6566661834716800e+00
  -4.5399997711181639e+00
  -8.4033325195312507e+00
  -2.9066667556762695e+00
   4.2666664123535156e+00
   2.5566665649414064e+00
   5.0099998474121090e+00
   3.8399997711181642e+00
  -3.2099998474121092e+00
  -9.6599998474121094e+00
   3.1700000762939453e+00
  -1.6746665954589844e+01
   5.9133331298828127e+00
   3.2299999237060546e+00
  -1.2333332061767579e+00
  -1.6433332443237305e+00
   1.0006665802001953e+01
   1.3833332824707032e+01
   2.2166664123535158e+00
  -1.2566666412353516e+01
  -2.0566665649414064e+00
  -8.9666662216186521e-01
  -3.4733333587646484e+00
   1.2973332214355469e+01
   3.6933330535888671e+00
  -5.0366664886474606e+00
  -1.5366666793823243e+00
  -1.5236665344238281e+01
  -1.2180000305175781e+01
   2.4566665649414063e+00
  -4.5099998474121090e+00
   1.3333332538604737e-02
   9.5966659545898434e+00
  -5.1066665649414063e+00
  -3.2933334350585937e+00
   6.9699996948242191e+00
  -2.6033332824707029e+00
  -2.5000000000000000e+00
   3.9099998474121094e+00
   3.7866664886474610e+00
  -3.0466663360595705e+00
  -7.8333330154418945e-01
   2.8333332538604739e-01
  -6.7833335876464842e+00
  -1.2386666107177735e+01
   9.6366661071777351e+00
  -1.4706666564941406e+01
   2.2733331680297852e+00
   2.0966665267944338e+00
  -7.7999999999999998e+00
  -8.1233329772949219e+00
  -8.1299995422363285e+00
   1.2799999237060547e+01
  -1.7399999618530273e+00
   3.0266666412353516e+00
  -2.1133331298828124e+00
   9.0833328247070320e+00
   4.5966667175292972e+00
   8.6666661500930789e-02
  -1.5699999809265137e+00
  -1.0106666564941406e+01
   5.4099998474121094e+00
  -2.1333332061767579e-01
  -1.9933332443237304e+00
  -1.0699999809265137e+00
   1.2333332061767579e+00
   5.8666667938232422e+00
   3.7699996948242189e+00
  -4.7866664886474606e+00
  -4.8633331298828129e+00
   1.0283332824707031e+01
   1.4433332443237306e+00
  -8.2966659545898445e+00
  -1.7066665649414063e+00
   5.4066661834716800e+00
   1.5666666030883789e-01
  -1.3273332214355468e+01
   9.9766662597656257e+00
   8.6533325195312507e+00
  -6.1599998474121094e+00
   1.9643333435058594e+01
  -7.5766662597656254e+00
  -3.2299999237060546e+00
   3.7366664886474608e+00
  -8.4466667175292969e+00
   3.7166664123535158e+00
  -1.9933332443237304e+00
   7.2533332824707033e+00
   6.3666667938232422e+00
  -2.2066665649414063e+00
  -4.0433334350585941e+00
  -5.9333329200744633e-01
   1.4183332824707032e+01
   9.5500000000000007e+00
  -8.1166664123535153e+00
   8.0366661071777337e+00
   2.3099998474121093e+00
   1.1939999389648438e+01
  -4.2966663360595705e+00
  -1.0009999084472657e+01
   1.1516666412353516e+01
  -1.2873332214355468e+01
   1.8786666870117188e+01
  -5.5399993896484379e+00
   7.0333328247070315e-01
  -3.2066665649414063e+00
   8.9166664123535160e+00
  -3.2666664123535155e-01
   1.9933332443237304e+00
  -1.3766666412353517e+00
   1.4726666259765626e+01
   4.2333332061767575e+00
   3.7933334350585937e+00
  -2.7033330917358400e+00
  -3.8066665649414064e+00
   1.5799999237060547e+00
   4.0033329010009764e+00
   1.2043333435058594e+01
   7.1299995422363285e+00
   1.1966666221618651e+00
   7.5666666030883789e-01
   1.0206665802001954e+01
   2.6866664886474609e+00
  -1.4600000381469727e+00
  -7.6533325195312498e+00
   6.5166664123535156e+00
   7.4566658020019529e+00
   6.5099990844726561e+00
  -8.2599990844726570e+00
  -6.4500000000000002e+00
   6.4599998474121092e+00
  -4.9333333969116211e-01
   4.9966663360595707e+00
  -1.3026666259765625e+01
  -1.6766664505004882e+00
  -2.3966667175292971e+00
   3.4966663360595702e+00
  -1.5506666564941407e+01
   8.5933326721191410e+00
   1.0413333129882812e+01
   6.8999996185302737e-01
  -1.4933333396911621e+00
   1.4833332061767579e+00
   4.4933330535888674e+00
  -3.6333334445953369e-01
  -2.0699998855590822e+00
  -3.4233329772949217e+00
   2.5399999618530273e+00
  -6.0999996185302736e+00
   7.9266662597656250e+00
  -1.1993332672119141e+01
  -7.1033332824707029e+00
   4.5833332061767580e+00
  -3.1499998092651369e+00
   1.0879999542236328e+01
  -3.1366664886474611e+00
   8.4333328247070316e+00
   1.0386666107177735e+01
  -4.8799995422363285e+00
  -2.7133331298828125e+00
   7.4266662597656250e+00
  -8.3733329772949219e+00
  -7.9433334350585936e+00
   1.5166665077209474e+00
   6.5000000000000000e+00
  -3.4899997711181641e+00
  -6.2999996185302738e+00
  -2.4366666793823244e+00
   4.7599998474121090e+00
   1.0866666793823243e+00
   2.1133331298828124e+00
  -3.3133331298828126e+00
   5.4500000000000002e+00
   8.8333330154418943e-01
   2.5133333206176758e+00
  -1.0033332824707031e+01
  -4.1666664123535160e+00
   5.6999998092651372e-01
  -7.8833328247070309e+00
  -1.5399999618530273e+00
   2.5166666030883791e+00
  -3.0433332443237306e+00
   5.6766662597656250e+00
   5.0166664123535156e+00
   6.1399997711181644e+00
   1.1993332672119141e+01
  -7.1333328247070309e+00
  -9.1799995422363274e+00
  -2.1133331298828124e+00
  -2.5166666030883791e+00
   4.0599998474121097e+00
   4.2899997711181639e+00
   8.5299995422363288e+00
  -1.1796665954589844e+01
  -5.2266662597656248e+00
  -8.0066658020019528e+00
  -2.6466667175292971e+00
   2.0733331680297851e+00
   7.5433326721191403e+00
   7.2566665649414066e+00
  -8.3999996185302739e-01
  -6.7500000000000000e+00
  -1.5666666030883789e+00
  -7.9666662216186523e-01
  -7.5533332824707031e+00
   6.7966659545898436e+00
  -7.2500000000000000e+00
  -9.9666662216186519e-01
   9.7966659545898445e+00
   1.6766664505004882e+00
  -6.8633331298828129e+00
  -7.1966667175292969e+00
  -3.0033332824707033e+00
   6.2333331108093259e-01
  -6.8699996948242186e+00
  -1.2426666259765625e+01
   4.1966667175292969e+00
   1.0399999618530273e+00
   5.7799999237060549e+00
  -1.0800000190734864e+00
  -1.3156665039062499e+01
  -1.5559999084472656e+01
  -1.9466665267944336e+00
   3.1133333206176759e+00
   4.6899997711181642e+00
  -9.1699996948242184e+00
  -3.2466663360595702e+00
  -5.5466663360595705e+00
  -5.5499996185302738e+00
  -1.3133332252502441e+00
   1.3699998474121093e+01
  -1.9366666793823242e+00
   8.4399993896484382e+00
  -6.3999996185302732e-01
  -5.9333329200744633e-01
   1.3453332519531250e+01
  -9.5433326721191403e+00
  -6.5166664123535156e+00
  -1.6839999389648437e+01
   7.5666666030883789e-01
  -6.8533332824707029e+00
  -2.8533330917358399e+00
   9.2333326339721677e-01
  -6.7333328247070314e+00
   1.3303332519531249e+01
   6.7933326721191403e+00
   7.1400001525878904e+00
   9.0266662597656246e+00
  -2.0366664886474610e+00
  -1.5756666564941407e+01
  -8.2933326721191403e+00
   1.4739999389648437e+01
  -1.3566665649414063e+00
   1.0396665954589844e+01
   1.3850000000000000e+01
  -5.2166664123535158e+00
  -1.1699999809265136e+00
  -9.5033332824707024e+00
   9.6533325195312507e+00
   4.8233329772949221e+00
  -1.1446666717529297e+01
   1.2363333129882813e+01
   4.7899997711181639e+00
  -4.9999997019767761e-02
  -9.6066665649414063e+00
   7.0566665649414064e+00
   1.0223332977294922e+01
  -1.4469999694824219e+01
  -6.7533332824707033e+00
  -2.4333331584930420e-01
  -1.4889999389648438e+01
   2.4433332443237306e+00
  -8.9933326721191413e+00
  -6.5066665649414066e+00
  -6.9366661071777340e+00
   1.1296665954589844e+01
  -2.1849998474121094e+01
   6.2866661071777346e+00
  -1.4916665649414062e+01
  -2.3199998855590822e+00
   3.3266662597656249e+00
   6.4833328247070314e+00
   8.0033332824707024e+00
   5.1299995422363285e+00
   3.0266666412353516e+00
  -1.4566667175292968e+01
  -2.2433332443237304e+00
  -8.3833328247070309e+00
   2.0799999237060547e+00
   6.2133331298828125e+00
  -1.1266666412353516e+01
  -8.9333324432373051e-01
   5.4333333969116215e-01
   7.9333328247070316e+00
  -2.4100000381469728e+00
   7.8399993896484377e+00
  -3.4699996948242187e+00
   6.0466663360595705e+00
  -4.1199996948242186e+00
   5.3066665649414064e+00
  -8.3633331298828129e+00
   3.5533332824707031e+00
  -1.2359999084472657e+01
  -2.7933332443237306e+00
   1.0333333015441895e-01
  -5.8133335113525391e+00
  -1.4899998664855958e+00
   4.4033332824707028e+00
   6.3099998474121097e+00
  -8.2966659545898445e+00
  -3.9166664123535155e+00
  -2.2466665267944337e+00
  -3.6233333587646483e+00
  -6.3966659545898441e+00
  -1.2999999046325683e+00
   1.2999999523162842e-01
  -7.3033332824707031e+00
  -9.0466659545898445e+00
  -4.1133331298828129e+00
  -3.5033332824707033e+00
   3.9399997711181642e+00
   1.4169999694824218e+01
  -1.4296665954589844e+01
  -3.8633331298828124e+00
  -3.0833332061767580e+00
   1.3333333015441895e+00
  -6.4066665649414061e+00
  -1.3699999809265138e+00
   5.6933330535888675e+00
   9.9066665649414070e+00
  -3.1066665649414063e+00
   2.6666665077209474e-02
   8.3299995422363278e+00
   5.2833332061767582e+00
   4.2500000000000000e+00
  -1.3383332824707031e+01
   2.2933332443237306e+00
  -8.1499992370605465e+00
   1.0863333129882813e+01
   2.7999999523162844e-01
   4.4333329200744631e-01
   1.4589999389648437e+01
   3.8533329010009765e+00
   3.7933334350585937e+00
  -1.2259999084472657e+01
  -1.2216665649414063e+01
  -8.3666664123535153e+00
   2.0366664886474610e+00
  -1.6753332519531249e+01
   2.4366666793823244e+00
   4.2733329772949222e+00
  -2.1233331680297853e+00
   4.4733333587646484e+00
  -3.2566665649414062e+00
  -3.4999997615814210e-01
  -1.0833333015441895e+00
  -7.2333326339721682e-01
   2.3166666030883789e+00
   3.6999996185302733e+00
   5.9899997711181641e+00
   1.0136666107177735e+01
  -3.3833332061767578e+00
   2.4533330917358400e+00
  -5.1833328247070316e+00
  -4.6099998474121096e+00
  -5.9666662216186528e-01
  -7.9566658020019529e+00
  -9.9333333969116211e-01
   1.8566665649414063e+00
  -1.8833333969116210e+00
   9.8233329772949212e+00
   2.3033332824707031e+00
   3.7333332061767579e+00
  -2.7733331680297852e+00
  -2.0333332061767577e+00
   7.3066665649414064e+00
   4.3099998474121097e+00
  -1.0333333015441895e+00
  -3.7966663360595705e+00
  -5.9999996423721315e-02
   9.3333333730697632e-02
   2.2433332443237304e+00
   8.3333331346511844e-02
   1.7733331680297852e+00
  -6.5900001525878906e+00
  -3.2199996948242187e+00
  -2.3266666412353514e+00
   1.0509999084472657e+01
  -6.8233329772949221e+00
   4.0066665649414066e+00
  -2.7733331680297852e+00
   1.5133333206176758e+00
   7.1266662597656252e+00
  -2.2933332443237306e+00
  -6.6799995422363283e+00
   2.2399999618530275e+00
   8.3333331346511844e-02
   9.1033332824707038e+00
  -2.0066665649414062e+00
   4.9699996948242191e+00
  -7.3466659545898434e+00
  -3.1466665267944336e+00
  -5.2333332061767575e+00
   3.0066663742065431e+00
  -4.1066665649414063e+00
  -5.4333333969116215e-01
  -2.7599998474121095e+00
   2.4399997711181642e+00
  -1.1766666412353515e+00
  -5.3333330154418948e-02
   1.4933333396911621e+00
  -6.9999998807907110e-02
   3.4733333587646484e+00
  -3.5399997711181639e+00
   2.9899999618530275e+00
  -1.6766664505004882e+00
  -4.4533332824707035e+00
  -1.9299999237060548e+00
  -2.9533330917358400e+00
  -1.0066666603088379e+00
   7.8966659545898441e+00
  -6.8966659545898441e+00
  -1.1699999809265136e+00
   1.2999999046325683e+00
  -3.0933332443237305e+00
  -3.1899997711181642e+00
  -6.7999999999999998e+00
   5.2633331298828123e+00
   4.5999996185302736e+00
   1.4566665649414063e+00
  -2.8466665267944338e+00
   5.2500000000000000e+00
   5.3999996185302734e+00
   1.9493333435058595e+01
  -1.1536666870117188e+01
   2.2566665649414062e+00
   4.0333332061767582e+00
   6.7633331298828123e+00
  -3.5666664123535154e+00
   7.4733329772949215e+00
   6.3866664886474611e+00
  -8.4066665649414070e+00
  -1.4543331909179688e+01
  -6.2399997711181641e+00
   7.5733329772949221e+00
   4.5233329772949222e+00
   9.3933334350585938e+00
   2.9333331584930422e-01
   5.6199993133544925e+00
  -3.1133333206176759e+00
  -6.1199993133544925e+00
   1.4143333435058594e+01
  -1.2199998855590821e+00
   6.0066665649414066e+00
   3.3333331346511841e-02
   1.6603332519531250e+01
   5.3999996185302734e+00
   1.2779999542236329e+01
  -5.2166664123535158e+00
  -4.6533332824707028e+00
   1.0233332633972168e+00
  -5.3099998474121097e+00
   2.1499998092651369e+00
   3.8366664886474608e+00
   7.8266662597656254e+00
   1.7256666564941405e+01
  -2.8666665554046633e-01
  -1.1039999389648438e+01
  -3.6333332061767578e+00
   1.2766666412353516e+00
   1.4433332443237306e+00
   9.2633331298828132e+00
  -3.3699996948242186e+00
  -6.2633327484130863e+00
  -8.0566665649414055e+00
   5.7799999237060549e+00
  -5.4066661834716800e+00
  -5.2766666412353516e+00
   6.5900001525878906e+00
  -1.1853332519531250e+01
   1.1893333435058594e+01
   1.5999999046325684e+00
   5.8366664886474613e+00
  -6.1866664886474609e+00
   1.2566666603088379e+00
  -2.3966667175292971e+00
   1.8533332824707032e+00
   4.0233329772949222e+00
   1.7566665649414062e+00
   1.0666666030883789e+00
  -2.9666664600372317e-01
   1.3166665649414062e+01
  -7.9666662216186523e-01
   1.3899999618530274e+00
  -3.8699996948242186e+00
  -5.1733329772949217e+00
   3.5766662597656249e+00
  -1.5599999427795410e+00
   2.6666666030883790e+00
  -7.3166664123535154e+00
   1.0419999694824218e+01
  -1.1993332672119141e+01
  -5.3999996185302734e+00
   1.4133332252502442e+00
  -9.1099998474121087e+00
   1.4293331909179688e+01
   4.2633331298828123e+00
   1.4343331909179687e+01
  -7.1366661071777342e+00
  -1.0550000000000001e+01
  -7.7999997138977051e-01
   1.0776665496826173e+01
   1.1666666269302368e-01
   2.6199998855590820e+00
  -4.4366664886474609e+00
   3.1509997558593749e+01
   1.1246665954589844e+01
  -5.8666667938232422e+00
  -2.2899999618530273e+00
  -3.5799999237060547e+00
   1.4139999389648438e+01
  -8.3666667938232420e-01
   1.9766666412353515e+00
   4.8266662597656254e+00
  -1.5299998283386231e+00
  -1.3619999694824219e+01
  -2.4500000000000002e+00
  -6.5866668701171873e+00
   7.9599998474121092e+00
   3.7766666412353516e+00
   6.2699996948242189e+00
  -2.6466667175292971e+00
  -7.5566665649414064e+00
   1.2799999237060546e+00
  -3.7633331298828123e+00
   2.1633331298828127e+00
   5.2599998474121090e+00
   4.5333333015441896e-01
  -1.9233333587646484e+00
  -2.2999998092651368e+00
   6.0099994659423830e+00
   3.4066661834716796e+00
  -1.1133333206176759e+00
   5.0466663360595705e+00
  -7.9266662597656250e+00
  -6.2999997138977049e-01
   2.1133331298828124e+00
   2.4699998855590821e+00
   6.8900001525878904e+00
   2.6566665649414061e+00
  -4.5666664123535154e+00
   6.4333328247070316e+00
  -3.6399997711181640e+00
  -2.5733331680297851e+00
   3.7966663360595705e+00
  -1.3466666221618653e+00
   3.6466663360595701e+00
  -9.6666663885116577e-02
  -3.6099998474121096e+00
   1.3906665039062499e+01
   3.0333330631256106e-01
  -9.1933334350585945e+00
   3.4933330535888674e+00
   3.6233333587646483e+00
  -1.7399999618530273e+00
  -3.3466667175292968e+00
  -4.0399997711181639e+00
  -3.0933332443237305e+00
  -7.8533332824707029e+00
   1.3236665344238281e+01
   3.2766666412353516e+00
   1.3689999389648438e+01
   1.2289999389648438e+01
  -2.0886666870117189e+01
  -1.3346665954589843e+01
  -7.7233329772949215e+00
   4.3333330154418948e-01
   9.4166664123535160e+00
  -2.7999998092651368e+00
  -1.3893333435058594e+01
   9.8433326721191410e+00
  -4.8666663169860841e-01
   8.5233329772949222e+00
   7.6566665649414061e+00
   1.3266666412353516e+00
   7.7133331298828125e+00
   8.7066658020019538e+00
  -1.1399999618530274e+00
  -7.5433326721191403e+00
   1.3066667175292968e+01
  -3.3733333587646483e+00
  -7.6899993896484373e+00
   4.3566665649414063e+00
  -2.7399999618530275e+00
  -1.2866665840148925e+00
   7.9999995231628418e-01
   1.1163332366943360e+01
   8.4266662597656250e+00
  -9.4466667175292969e+00
   8.9999991655349734e-02
  -8.3333330154418950e-01
  -6.7866661071777346e+00
   5.5000000000000000e+00
   4.9399997711181642e+00
  -4.1999996185302733e+00
   1.2413332366943360e+01
  -1.5766666412353516e+00
  -5.8866664886474611e+00
   5.6599998474121094e+00
   2.4666666984558105e-01
   1.3833333015441895e+00
  -1.0666666030883790e-01
   6.0133327484130863e+00
   8.2599990844726570e+00
  -9.8999996185302730e-01
  -8.0999992370605476e+00
  -6.1199993133544925e+00
   1.0119999694824219e+01
  -1.0303333282470703e+01
   2.9499998092651367e+00
  -3.3999998569488527e-01
   7.2666664123535156e+00
  -1.9666666030883788e+00
   2.1233331680297853e+00
   3.1133333206176759e+00
   1.1619999694824219e+01
   8.3766662597656243e+00
  -1.5836665344238281e+01
  -1.7533332824707031e+00
  -1.1056665802001953e+01
   5.0733329772949221e+00
  -8.4499999999999993e+00
   1.0786666870117188e+01
   4.0399997711181639e+00
   4.0899997711181637e+00
   2.9733333587646484e+00
   1.1933332824707032e+01
  -3.2199996948242187e+00
   2.8833332061767578e+00
   2.2266666412353517e+00
  -1.6099998474121093e+00
  -7.7399993896484371e+00
  -9.6699996948242184e+00
   2.6499998092651369e+00
   3.1266666412353517e+00
   2.0833332061767580e+00
  -1.1099999427795411e+00
   7.2366661071777347e+00
   3.9999997615814209e-01
   4.8866664886474611e+00
   6.0233329772949222e+00
   6.5866668701171873e+00
  -4.6133331298828129e+00
  -4.9566665649414059e+00
   1.7599998474121095e+00
   3.2666664123535155e-01
  -9.8633331298828129e+00
   8.3199996948242188e+00
  -1.7033330917358398e+00
  -1.2759999084472657e+01
   6.2766666412353516e+00
  -2.1333332061767579e-01
   2.2083332824707032e+01
   7.5599998474121097e+00
  -1.4436665344238282e+01
   7.7899993896484379e+00
   5.8066665649414064e+00
   1.1043333435058594e+01
  -8.5399993896484379e+00
  -6.2066661834716799e+00
  -1.8433332824707030e+01
  -1.1359999084472657e+01
  -1.6423333740234376e+01
  -1.5066666603088379e+00
  -4.9000000000000004e+00
   2.9233331680297852e+00
  -1.1459999847412110e+01
   6.9333329200744631e-01
   4.6199996948242186e+00
   6.0333332061767582e+00
  -9.9033325195312507e+00
  -5.2999996185302738e+00
   6.0966663360595703e+00
  -7.0799995422363278e+00
   8.5666666030883787e-01
   1.5966666221618653e+00
  -3.8666665554046631e-01
  -3.9633331298828125e+00
   5.7999997138977055e-01
   1.7733331680297852e+00
   8.7899993896484379e+00
   4.0666666030883791e-01
  -1.1693332672119141e+01
   4.8299999237060547e+00
   5.0566665649414064e+00
   5.3233329772949221e+00
   8.7500000000000000e+00
  -4.1299995422363285e+00
  -3.4433330535888671e+00
  -2.1733333587646486e+00
  -2.2466665267944337e+00
  -4.0999999046325686e-01
   6.4433334350585936e+00
   3.0999999046325682e-01
   1.2386666107177735e+01
   7.2366661071777347e+00
  -1.3866665840148926e+00
  -2.9333333969116211e+00
  -3.0833332061767580e+00
  -1.1899999618530273e+00
  -1.2166666030883788e+00
   5.4599994659423832e+00
   5.6933330535888675e+00
   3.5666663646697999e-01
   1.1283332824707031e+01
   9.0799995422363278e+00
   1.9733333587646484e+00
   4.8966663360595701e+00
   1.1873332977294922e+01
   5.1666665077209473e-01
  -1.9100000381469726e+00
   4.6633331298828127e+00
   6.0633335113525391e+00
  -3.4266666412353515e+00
  -3.7999999523162842e-01
  -4.9499996185302733e+00
   2.8799997329711915e+00
   2.2433332443237304e+00
   1.2699999809265137e+00
   4.3366664886474613e+00
  -5.6366664886474611e+00
   3.3299999237060547e+00
  -7.8099998474121097e+00
   7.6333332061767578e-01
   1.9100000381469726e+00
  -2.3199998855590822e+00
  -6.4099998474121094e+00
  -5.4966663360595707e+00
  -3.3866664886474611e+00
  -1.4003332519531250e+01
  -4.6266666412353512e+00
   4.4866664886474608e+00
  -4.5799999237060547e+00
   3.2333332061767579e+00
   1.2936665344238282e+01
   2.1299999237060545e+00
  -1.3613333129882813e+01
   2.3699998855590820e+00
  -5.8999996185302734e+00
  -5.5900001525878906e+00
  -8.9733329772949215e+00
   1.9500000000000000e+00
  -9.5699996948242188e+00
   7.4799995422363281e+00
  -3.0466663360595705e+00
   4.2566665649414066e+00
   1.4856666564941406e+01
  -8.1433334350585938e+00
  -7.6733329772949217e+00
   5.7333328247070314e+00
   4.6199996948242186e+00
   1.7236665344238283e+01
  -1.6339999389648437e+01
  -1.0483332824707031e+01
  -1.5366665649414063e+01
  -4.6566661834716800e+00
   1.4780000305175781e+01
   3.6000000000000001e+00
   1.2739998626708985e+01
  -1.7299998474121093e+01
  -1.2533332824707031e+00
  -1.5346665954589843e+01
   1.1099999237060548e+01
   8.8166664123535163e+00
   6.2533332824707033e+00
  -1.3333333015441895e+00
   2.2799999237060549e+00
   1.0293332672119140e+01
  -1.6953332519531251e+01
  -5.7833332061767582e+00
   9.4033325195312507e+00
  -5.7899993896484379e+00
   3.2633331298828123e+00
  -8.9599998474121101e+00
  -6.5699996948242188e+00
   3.2599998474121095e+00
   2.4633333206176760e+00
  -4.8433330535888670e+00
   6.6833328247070316e+00
  -1.1199999809265138e+00
  -1.5666666030883789e+00
   8.6833328247070316e+00
  -1.6366664886474609e+00
  -2.2166664123535158e+00
   6.9433334350585936e+00
  -2.8566665649414063e+00
   5.1666665077209473e-01
   1.4866666793823242e+00
  -9.9166664123535160e+00
  -1.9399998474121094e+01
   2.7733331680297852e+00
   2.9999998211860657e-02
  -1.3176666259765625e+01
   9.4099998474121094e+00
  -6.8666663169860842e-01
  -1.2996665954589844e+01
  -5.5766662597656254e+00
  -3.5966667175292968e+00
   4.8066665649414064e+00
   6.5533332824707031e+00
  -1.3233333587646485e+00
   1.8433332443237305e+00
   7.7999997138977051e-01
  -2.9166666030883790e+00
   2.6066665649414063e+00
   2.5499998092651368e+00
   2.5166666030883791e+00
   2.4100000381469728e+00
  -3.4566665649414063e+00
  -3.7899997711181639e+00
  -1.2766666412353516e+00
  -8.2500000000000000e+00
   1.3479998779296874e+01
  -8.4333328247070316e+00
   3.7866664886474610e+00
   7.8699996948242186e+00
  -4.6599998474121094e+00
  -5.6333332061767578e+00
   3.6766666412353515e+00
  -1.9166666030883790e+00
  -4.0433334350585941e+00
   1.0113333129882813e+01
   2.1133331298828124e+00
  -1.7666665315628052e-01
   5.2133331298828125e+00
  -8.8333330154418943e-01
   2.1166666030883787e+00
  -8.8000000000000007e+00
  -2.6533332824707032e+00
  -3.6433330535888673e+00
  -2.9833332061767579e+00
  -8.0266662597656246e+00
   6.1666660308837895e-01
  -1.0466666221618652e+00
  -4.6666665077209474e-01
  -4.8599998474121096e+00
   3.8333332538604736e-01
   7.6133331298828129e+00
   7.5166664123535156e+00
  -9.0533332824707031e+00
  -5.5299999237060549e+00
  -6.3333332061767580e+00
  -2.7666666507720949e-01
   1.5306665039062500e+01
  -3.4599998474121092e+00
   7.0866668701171873e+00
  -4.7333332061767575e+00
  -1.4800000190734863e+00
   8.4899993896484371e+00
   2.5666666030883789e-01
   5.8733329772949219e+00
  -4.0799999237060547e+00
   1.4633332252502442e+00
   4.9166664123535160e+00
   6.2433330535888674e+00
  -4.0433334350585941e+00
   9.4833328247070305e+00
  -7.1666660308837893e-01
  -2.5066665649414062e+00
   8.7666664123535156e+00
   1.7666666030883789e+00
  -2.9999998211860657e-02
   1.3379998779296875e+01
   2.3833332061767578e+00
   2.9333331584930422e-01
  -2.7933332443237306e+00
  -1.0499999046325683e+00
   1.1846666717529297e+01
   6.6666664123535160e+00
  -3.3866664886474611e+00
  -1.3393333435058594e+01
  -5.4066661834716800e+00
  -1.4133332252502442e+00
   1.2306665802001953e+01
   8.2533332824707024e+00
   9.7066658020019538e+00
  -1.6269998168945314e+01
  -9.9999994039535522e-02
   1.6933332443237306e+00
   5.1833328247070316e+00
   1.2766666412353516e+00
   8.3699996948242195e+00
   2.3333332061767580e+00
  -3.3633331298828124e+00
   5.6566661834716800e+00
  -2.7399999618530275e+00
  -4.6099998474121096e+00
  -1.0533332824707031e+00
   2.4333331584930420e-01
   3.6666664481163028e-02
   5.1433330535888668e+00
   1.0266666412353516e+00
  -5.5333333015441899e-01
  -1.3833333015441895e+00
   9.5133331298828132e+00
   7.1633331298828127e+00
   2.4599998474121092e+00
  -2.5699998855590822e+00
  -2.0633333206176756e+00
  -7.4799995422363281e+00
  -4.6999998092651368e-01
   6.9233329772949217e+00
  -7.1333327293395998e-01
   1.1269998931884766e+01
  -6.0833332061767580e+00
  -4.3266662597656254e+00
   8.5666666030883787e-01
  -1.9299999237060548e+00
   4.6066665649414063e+00
   1.2866665840148925e+00
   4.1399997711181644e+00
   2.6899997711181642e+00
   7.8099998474121097e+00
  -1.4800000190734863e+00
   3.7866664886474610e+00
  -6.9799995422363281e+00
   8.9299995422363274e+00
  -1.9299999237060548e+00
  -3.9733333587646484e+00
   1.2119999694824219e+01
  -1.4519998168945312e+01
   2.6233331680297853e+00
   1.9799999237060546e+00
  -3.0633331298828126e+00
   8.9999991655349734e-02
   7.0599998474121097e+00
  -7.2399993896484371e+00
   3.7766666412353516e+00
  -1.7433332443237304e+00
   3.2666664123535155e-01
  -6.3999996185302732e-01
   3.4999997615814210e-01
  -1.0216666412353515e+01
   5.4333328247070316e+00
  -4.2166664123535158e+00
  -2.2433332443237304e+00
  -5.5433330535888672e+00
   8.4499999999999993e+00
  -2.3999998092651369e+00
  -6.0533332824707031e+00
   4.3866664886474611e+00
  -8.4699996948242191e+00
   2.6533332824707032e+00
   5.7699996948242189e+00
  -2.7899999618530273e+00
  -4.7533329010009764e+00
  -7.2933326721191403e+00
  -7.7066658020019529e+00
  -9.5333328247070313e+00
   4.4099998474121094e+00
   7.3233329772949221e+00
   2.2833332061767577e+00
  -1.9866666793823242e+00
   1.4150000000000000e+01
   5.8400001525878906e+00
   1.0276666259765625e+01
  -6.7733329772949222e+00
  -5.0566665649414064e+00
   3.3933330535888673e+00
  -2.8099996566772463e+00
  -1.0023332977294922e+01
  -5.2966663360595705e+00
  -1.1593332672119141e+01
   4.3299999237060547e+00
  -1.4699998855590821e+00
  -1.2233332633972167e+00
  -6.4699996948242191e+00
  -1.3113333129882813e+01
   4.8733333587646488e+00
   3.7699996948242189e+00
  -2.0966665267944338e+00
   1.0729999542236328e+01
  -1.7966665267944335e+00
  -1.9333332777023315e-01
   5.5666660308837894e+00
  -9.5799995422363278e+00
   1.1926666259765625e+01
   7.0999992370605467e+00
   1.1343332672119141e+01
  -6.7633331298828123e+00
  -6.0866664886474613e+00
  -2.4100000381469728e+00
   1.0919998931884766e+01
   1.1849999237060548e+01
   2.7333333492279055e-01
  -4.5299999237060549e+00
   1.1509999084472657e+01
   2.7766666412353516e+00
   1.1633333206176757e+00
   2.4666664123535158e+00
  -8.9833328247070305e+00
  -4.9333333969116211e-01
   4.3933330535888668e+00
  -6.2433330535888674e+00
  -4.9999997019767761e-02
  -4.3599998474121096e+00
  -2.4199998855590819e+00
  -2.8333332061767580e+00
  -1.9766666412353515e+00
  -1.5266666412353516e+00
   2.1499998092651369e+00
  -7.5933326721191410e+00
   5.2666664123535156e+00
  -5.5133327484130863e+00
   4.1633331298828127e+00
   7.6499992370605465e+00
  -2.4133331298828127e+00
  -2.6166666030883787e+00
  -1.0266666412353516e+00
  -7.2233329772949215e+00
  -3.2766666412353516e+00
   7.4500000000000002e+00
   2.6199998855590820e+00
   1.3353332519531250e+01
   3.7599998474121095e+00
   7.9999995231628418e-01
  -5.5699996948242188e+00
  -4.5399997711181639e+00
  -7.3966659545898441e+00
  -4.6666665077209474e-01
   1.9333332777023315e-01
   1.2006666564941407e+01
  -1.8999999761581421e-01
  -8.1999998092651372e-01
  -4.7366664886474608e+00
  -2.0533332824707031e+00
   1.2500000000000000e+00
   4.9099998474121094e+00
  -1.1000000000000001e+00
   1.3943331909179687e+01
  -7.0000000000000000e+00
   7.7733329772949222e+00
  -8.9766662597656257e+00
  -1.1619999694824219e+01
   1.5633333206176758e+00
  -1.1150000000000000e+01
   6.4066665649414061e+00
   3.2166664123535158e+00
  -1.1333333015441895e+00
  -7.7500000000000000e+00
  -6.9299995422363283e+00
  -1.8633331298828124e+00
  -1.6299999237060547e+00
   9.5666656494140623e-01
   1.6533332824707032e+00
   6.9599998474121092e+00
  -5.6066665649414063e+00
   1.2199998855590821e+00
  -2.1366664886474611e+00
   4.9999997019767761e-02
  -6.8799995422363285e+00
   4.6699996948242184e+00
   2.2199998855590821e+00
   6.4500000000000002e+00
  -1.2333333492279053e-01
  -3.2399997711181641e+00
  -7.8666663169860840e-01
  -8.2533332824707024e+00
  -3.4733333587646484e+00
  -1.0000000000000000e+00
   4.2799999237060549e+00
  -9.5999992370605476e+00
  -3.9066661834716796e+00
  -6.2033329010009766e+00
  -4.2566665649414066e+00
  -5.0733329772949221e+00
  -1.0366665649414063e+01
  -9.6966667175292969e+00
  -4.5033329010009764e+00
  -2.2733331680297852e+00
  -7.3299995422363278e+00
   8.7966659545898445e+00
  -2.0133333206176758e+00
  -4.9466663360595700e+00
   5.2500000000000000e+00
  -4.3133331298828121e+00
   7.9966667175292967e+00
   3.4899997711181641e+00
   5.8599998474121096e+00
   1.4166666030883790e+00
  -8.4766662597656257e+00
  -3.5866664886474608e+00
   5.5433330535888672e+00
   1.1533332824707032e+00
   8.8933334350585938e+00
   8.2699996948242180e+00
   2.4699998855590821e+00
   6.3299999237060547e+00
  -7.5299995422363279e+00
   1.8099998474121093e+00
  -1.3066667175292968e+01
  -5.9866661071777347e+00
  -9.9133331298828118e+00
  -3.2266662597656248e+00
   2.6700000762939453e+00
   5.1566661834716800e+00
   9.2500000000000000e+00
   4.2933334350585941e+00
  -6.5466659545898436e+00
   3.0366664886474610e+00
   1.3333332538604737e-02
   2.1133331298828124e+00
  -1.3136666870117187e+01
   1.8633331298828124e+00
  -5.1933330535888675e+00
   5.7799999237060549e+00
  -4.6833328247070316e+00
  -1.5599999427795410e+00
  -6.7566665649414066e+00
  -1.7489999389648439e+01
   4.2599998474121090e+00
  -3.8933330535888673e+00
  -5.8233329772949221e+00
  -3.6000000000000001e+00
  -8.6299995422363285e+00
   1.0469999694824219e+01
  -5.0199996948242189e+00
  -2.1333332061767579e-01
  -1.1016666412353516e+01
  -7.4500000000000002e+00
  -3.8266662597656249e+00
   6.9199996948242184e+00
   7.9766662597656248e+00
  -3.9666664600372314e-01
  -1.1999999046325684e+00
   1.0873332977294922e+01
  -8.7333326339721684e-01
   1.9666665792465210e-01
   1.3623332214355468e+01
  -4.0899997711181637e+00
  -5.2699996948242189e+00
   5.0866664886474613e+00
   8.1799995422363274e+00
  -2.6766664505004885e+00
  -1.3733332633972168e+00
   8.7999992370605473e-01
  -1.4586665344238281e+01
   6.4799995422363281e+00
   5.9466667175292969e+00
   9.6533325195312507e+00
  -2.4599998474121092e+00
  -2.9200000762939453e+00
  -5.9999995231628422e-01
  -6.4166664123535160e+00
   4.4666664123535158e+00
   2.9233331680297852e+00
   1.7383332824707033e+01
  -2.3633331298828124e+00
   6.2000000000000002e+00
  -2.7266664505004883e+00
  -6.4466667175292969e+00
   1.5413331604003906e+01
   9.0066658020019528e+00
  -1.7000000000000000e+00
   8.3000001907348631e-01
  -6.2299999237060550e+00
   5.7933330535888672e+00
   1.7566665649414062e+00
  -4.4466667175292969e+00
   3.0066663742065431e+00
  -4.9266666412353519e+00
   1.1509999084472657e+01
  -7.1400001525878904e+00
  -3.5533332824707031e+00
   6.8766662597656252e+00
  -2.4699998855590821e+00
  -1.5766666412353516e+00
  -1.9366666793823242e+00
  -1.0556666564941406e+01
   5.7433330535888674e+00
   1.1159999847412109e+01
   1.0646665954589844e+01
  -1.2333332061767579e+00
  -6.3299999237060547e+00
  -6.7333328247070314e+00
   1.4233332633972169e+00
  -1.2483333587646484e+01
  -2.6066665649414063e+00
  -7.1400001525878904e+00
  -3.7933334350585937e+00
   8.9366661071777340e+00
  -1.8466665267944335e+00
   5.2666664123535156e+00
   8.4699996948242191e+00
   1.2299999237060546e+00
  -3.1199998855590820e+00
   3.8833332061767578e+00
  -3.5533332824707031e+00
   1.6299999237060547e+00
   8.6999998092651365e-01
   3.4200000762939453e+00
  -5.2199996948242191e+00
   5.1433330535888668e+00
  -8.1499992370605465e+00
   3.0433332443237306e+00
   7.6999998092651367e-01
   9.1333332061767580e-01
   3.0333330154418947e+00
  -1.6799999237060548e+00
  -4.2899997711181639e+00
   1.4466665267944336e+00
  -1.9666665792465210e-01
   2.7799999237060549e+00
  -5.7033329010009766e+00
  -5.1999996185302733e+00
   1.5666666030883789e+00
   3.4999997615814210e-01
  -4.5299999237060549e+00
   4.6199996948242186e+00
   6.3666663169860838e-01
  -9.9999994039535522e-02
   2.5000000000000000e+00
  -4.5533332824707031e+00
  -1.0466666221618652e+00
   3.7666666507720947e-01
   1.2733332633972168e+00
  -5.2799995422363279e+00
   7.3333328962326055e-02
  -1.7466665267944337e+00
   2.9833332061767579e+00
  -5.9666662216186528e-01
  -2.8599998474121096e+00
   1.2333332061767579e+00
  -3.2366664886474608e+00
   2.3499998092651366e+00
  -6.4666662216186521e-01
   2.6933332443237306e+00
   5.5999999046325688e-01
   1.2066665649414063e+00
  -5.8199996948242188e+00
   1.9500000000000000e+00
   1.3466666221618653e+00
   8.6666661500930789e-02
  -2.7399999618530275e+00
   1.9533330917358398e+00
  -6.5900001525878906e+00
   1.8666666746139526e-01
   1.6433332443237305e+00
   6.4666664123535158e+00
   3.0366664886474610e+00
  -6.2266666412353517e+00
   5.3833332061767578e+00
  -5.8799995422363285e+00
  -4.7033332824707035e+00
   3.2333332061767579e+00
   4.6266666412353512e+00
  -3.5199996948242189e+00
  -3.4566665649414063e+00
   6.0966663360595703e+00
   2.5866664886474608e+00
   7.2433326721191404e+00
   1.8133333206176758e+00
   4.0166667938232425e+00
  -1.2646665954589844e+01
   1.8999998092651367e+00
  -1.8393333435058594e+01
  -9.1466659545898441e+00
  -6.6433334350585938e+00
   1.1043333435058594e+01
  -1.4119999694824219e+01
   1.3896665954589844e+01
  -1.0930000305175781e+01
   9.0999994277954099e-01
   2.2799999237060549e+00
  -6.9299995422363283e+00
   4.2666664123535156e+00
  -2.0483331298828126e+01
   9.9399993896484382e+00
  -1.2436665344238282e+01
  -1.8250000000000000e+01
  -9.1466659545898441e+00
  -8.5166664123535156e+00
   2.2066665649414063e+00
  -5.5699996948242188e+00
  -2.7933332443237306e+00
  -8.7733329772949222e+00
   7.1766662597656250e+00
  -7.5000000000000000e-01
  -2.1666665077209474e-01
  -7.4866661071777347e+00
  -1.3099999427795410e+00
   4.9766662597656248e+00
   1.0553333282470703e+01
   1.0169999694824218e+01
  -1.4163331604003906e+01
  -1.3769998168945312e+01
  -6.0333328247070317e-01
   4.2899997711181639e+00
  -2.2566665649414062e+00
   7.7599990844726561e+00
  -1.5030000305175781e+01
   6.4933326721191404e+00
  -1.4023332214355468e+01
  -8.8366668701171882e+00
  -1.3666666746139527e-01
   3.5133331298828123e+00
   2.8966665267944336e+00
   3.7066665649414063e+00
  -1.1436665344238282e+01
  -2.8866664886474611e+00
   4.3899997711181644e+00
  -1.5166665077209474e+00
   1.8833333969116210e+00
   1.0926666259765625e+01
  -5.0566665649414064e+00
  -4.2966663360595705e+00
  -5.7599994659423830e+00
  -1.7466665267944337e+00
   5.3766662597656252e+00
   7.6766662597656250e+00
  -4.7333332061767575e+00
  -7.9999995231628415e-02
   6.7899993896484379e+00
  -1.1866665840148927e+00
  -6.4966667175292967e+00
   2.5999999046325684e-01
   1.2756666564941407e+01
  -1.9199998855590821e+00
   5.9999996423721315e-02
  -1.3066665649414062e+00
   7.5666666030883789e-01
  -4.2199996948242191e+00
   5.5966663360595703e+00
   2.8266664505004884e+00
  -8.1233329772949219e+00
  -7.5599998474121097e+00
   6.6533325195312498e+00
   1.1596666717529297e+01
   5.1999996185302733e+00
  -3.5333332061767577e+00
   6.2433330535888674e+00
  -2.0999998092651366e+00
  -1.0466666221618652e+00
   2.0199998855590819e+00
  -4.6266666412353512e+00
   1.7933332443237304e+00
   1.3499999046325684e+00
  -3.3666665554046632e-01
   4.5966667175292972e+00
  -4.4933330535888674e+00
   2.2599998474121095e+00
  -2.1733333587646486e+00
   5.2299999237060550e+00
  -1.1599999427795411e+00
   1.9966665267944337e+00
  -4.3333330154418948e-01
   1.8033332824707031e+00
   1.6166666030883790e+00
  -8.8066665649414055e+00
  -1.7033330917358398e+00
  -9.5666656494140623e-01
  -3.3333331346511841e-02
   7.0666661262512209e-01
  -9.0000000000000002e-01
  -5.4766666412353517e+00
  -4.0166667938232425e+00
   6.6999998092651369e-01
   1.9766666412353515e+00
  -3.4099998474121094e+00
  -5.5033332824707033e+00
  -1.5376664733886718e+01
   1.1889999389648438e+01
  -3.9333332061767576e+00
   6.7833335876464842e+00
  -6.6633331298828127e+00
  -3.6299995422363280e+00
  -4.3399997711181637e+00
   1.0166666030883789e+00
   2.3866664886474611e+00
   5.6366664886474611e+00
   8.4666662216186528e-01
   1.2633333206176758e+00
  -1.6499998092651367e+00
  -8.9566658020019538e+00
   7.4066665649414061e+00
  -1.1296665954589844e+01
  -5.6899997711181642e+00
   3.7866664886474610e+00
  -7.9066665649414061e+00
   4.2233333587646484e+00
   7.7899993896484379e+00
   7.9999995231628415e-02
  -7.2433326721191404e+00
   1.8699998855590820e+00
  -3.3399997711181642e+00
  -5.6700000762939453e+00
   1.2833333015441895e+00
  -1.3319999694824219e+01
  -2.3899999618530274e+00
  -6.8966659545898441e+00
   3.6700000762939453e+00
   7.9566658020019529e+00
  -7.4799995422363281e+00
   1.7333332061767579e+00
  -9.9033325195312507e+00
  -7.3466659545898434e+00
  -5.2699996948242189e+00
  -5.8733329772949219e+00
   1.7066665649414063e+00
   7.5599998474121097e+00
  -1.5023332214355468e+01
  -1.4800000190734863e+00
   8.5099990844726570e+00
   2.5133333206176758e+00
   1.0333333015441895e-01
   9.1133331298828129e+00
  -5.6733333587646486e+00
   3.2033332824707030e+00
   5.7633327484130863e+00
   1.1786666870117188e+01
  -1.5333331823349000e-01
  -1.0539999389648438e+01
   5.5699996948242188e+00
   5.8566665649414063e+00
  -2.6566665649414061e+00
   5.2500000000000000e+00
   1.3666666030883790e+00
   1.1533332824707031e+01
   4.6566661834716800e+00
   9.0566665649414055e+00
  -1.2099999427795409e+00
  -6.7566665649414066e+00
  -1.0513333129882813e+01
  -8.3333330154418950e-01
   8.7466667175292976e+00
   1.7666665315628052e-01
  -1.2956666564941406e+01
  -1.3999999046325684e+00
  -1.2333332061767579e+00
   8.0133331298828132e+00
  -5.8433326721191410e+00
  -4.4299999237060543e+00
   8.9733329772949215e+00
   3.3766666412353517e+00
   2.9299999237060548e+00
  -1.7916665649414064e+01
  -6.9733329772949215e+00
  -9.4633331298828125e+00
  -2.6333332061767578e-01
  -3.2066665649414063e+00
   8.7633331298828132e+00
   5.4033329010009767e+00
  -1.4453332519531250e+01
  -1.6063333129882814e+01
  -1.6313333129882814e+01
   5.2399997711181641e+00
   1.1199999809265138e+00
   2.5633333206176756e+00
   7.8833328247070309e+00
  -1.4399998664855957e+00
   5.2633331298828123e+00
   5.6099998474121096e+00
  -1.4493333435058593e+01
   4.7666664123535157e-01
   5.4200000762939453e+00
  -8.2633331298828132e+00
  -5.7233333587646484e+00
  -4.3699996948242186e+00
  -6.1066665649414063e+00
   4.1699996948242184e+00
   3.6133331298828124e+00
   1.0306666564941406e+01
   1.6929998779296874e+01
  -7.9699996948242191e+00
  -2.0533332824707031e+00
   6.2133331298828125e+00
   1.6166666030883790e+00
  -2.0299999237060549e+00
  -3.0099998474121095e+00
  -6.3633331298828129e+00
   2.3799999237060545e+00
  -1.0459999847412110e+01
   4.2033332824707035e+00
  -6.4333328247070316e+00
   1.3433332443237305e+00
   4.7033332824707035e+00
   3.5433334350585937e+00
  -3.0466663360595705e+00
   1.0866666793823243e+00
  -4.2333332061767575e+00
  -3.3166664123535154e+00
   6.0666660308837894e+00
   1.2026665496826173e+01
   2.2333332061767579e+00
  -7.4933326721191404e+00
  -8.4633331298828125e+00
  -7.6466659545898441e+00
   4.9699996948242191e+00
  -1.7666665315628052e-01
   6.9333329200744631e-01
   8.1666669845581052e-01
   7.1866661071777340e+00
  -4.0033329010009764e+00
   1.0413333129882812e+01
  -7.5299995422363279e+00
  -6.3966659545898441e+00
  -4.4766662597656248e+00
   4.9566665649414059e+00
   2.8166666030883789e+00
  -6.5566665649414064e+00
   7.4566658020019529e+00
   4.9466663360595700e+00
  -4.0000000000000000e+00
   6.5799995422363278e+00
  -1.2049999237060547e+01
  -1.2696666717529297e+01
   9.8999996185302730e-01
   9.9333328247070316e+00
   6.9766662597656248e+00
  -7.2299995422363281e+00
   2.6566665649414061e+00
  -2.4833332061767579e+00
  -6.1866664886474609e+00
  -1.6666666030883790e+00
   7.0000000000000000e+00
   7.6599998474121094e+00
   3.4666664600372316e-01
   2.6033332824707029e+00
  -3.3366664886474608e+00
   4.7399997711181641e+00
  -4.1099998474121096e+00
  -3.2099998474121092e+00
   9.4666662216186526e-01
   4.0099998474121090e+00
   5.8266662597656254e+00
  -3.2299999237060546e+00
   4.2899997711181639e+00
   6.7766662597656246e+00
   1.1453333282470703e+01
  -4.8999996185302735e-01
   1.7133333206176757e+00
   5.2733329772949222e+00
  -2.4666666984558105e-01
   6.7999999999999998e+00
  -7.8133323669433592e+00
   2.7733331680297852e+00
  -2.7333333492279055e-01
   3.6166664123535157e+00
   3.3999999999999999e+00
  -1.4433332443237306e+00
  -3.7500000000000000e+00
   3.0033332824707033e+00
   1.0899999618530274e+00
  -5.4966663360595707e+00
  -8.8999996185302732e-01
   5.2133331298828125e+00
   8.8999996185302732e-01
  -1.3293331909179688e+01
  -1.3533332824707032e+00
  -1.4683332824707032e+01
   2.7633333206176758e+00
  -8.1599998474121094e+00
   6.0866664886474613e+00
   2.1466667175292971e+00
  -1.0800000190734864e+00
   6.8733329772949219e+00
   7.5133331298828123e+00
   4.5666666030883790e-01
   7.2633331298828123e+00
   5.2099998474121092e+00
  -3.6533332824707032e+00
  -1.1153332519531251e+01
  -7.9533325195312496e+00
   5.7033329010009766e+00
   1.7333332061767579e+00
   4.1799999237060543e+00
   1.1616665649414063e+01
  -4.1566661834716800e+00
   1.7766666412353516e+00
  -1.5783332824707031e+01
   2.3399999618530272e+00
   3.7533329010009764e+00
   8.1333332061767583e-01
  -3.6033329010009765e+00
   8.2833335876464851e+00
  -5.6533329010009767e+00
  -1.7999998331069947e-01
  -3.4699996948242187e+00
  -6.0199996948242189e+00
  -8.2199996948242191e+00
   4.9433330535888675e+00
  -3.7133331298828125e+00
   3.9833332061767579e+00
   5.7066661834716799e+00
  -1.1666666269302368e-01
  -2.4366666793823244e+00
   4.4633331298828125e+00
  -3.1166664123535157e+00
  -1.0926666259765625e+01
   4.9566665649414059e+00
   1.1983333587646484e+01
  -5.9133331298828127e+00
  -8.4566658020019538e+00
   1.5833333015441895e+00
  -9.6633331298828118e+00
   1.1613333129882813e+01
  -2.9999998211860657e-02
   3.9899997711181641e+00
  -8.0199996948242180e+00
  -4.8866664886474611e+00
  -2.0633333206176756e+00
   1.3766666412353517e+00
   1.3926666259765625e+01
  -9.7666654586791990e-01
   2.9099998474121094e+00
  -9.9833328247070305e+00
   9.0666666030883791e-01
  -1.0343332672119141e+01
   2.7399999618530275e+00
  -4.2766666412353516e+00
  -3.0133333206176758e+00
   1.5223332214355469e+01
   3.9966663360595702e+00
  -5.6333332061767578e+00
  -1.0656666564941407e+01
  -7.5333333015441895e-01
   6.3333332061767580e+00
   5.3066665649414064e+00
  -2.7899999618530273e+00
  -5.5000000000000004e-01
   1.5506666564941407e+01
   2.2099998474121092e+00
   1.2996665954589844e+01
  -1.6600000381469726e+00
   1.9999998807907104e-01
  -3.8399997711181642e+00
  -1.0633332252502441e+00
   1.1639999389648438e+01
  -7.8799995422363285e+00
   3.5766662597656249e+00
  -6.6333332061767580e-01
  -1.8766664505004882e+00
   1.5456666564941406e+01
  -1.6453332519531251e+01
   4.5000000000000001e-01
   8.4666664123535149e+00
  -1.0886666107177735e+01
  -1.1549999237060547e+01
  -5.1633331298828127e+00
   3.4599998474121092e+00
   1.8143333435058594e+01
  -4.6966667175292969e+00
  -1.1099999427795411e+00
   5.9500000000000002e+00
  -1.3353332519531250e+01
  -8.8833328247070309e+00
   7.4266662597656250e+00
   4.9766662597656248e+00
   1.1233332633972168e+00
  -6.3133327484130861e+00
  -5.7833332061767582e+00
   2.7333332061767579e+00
  -6.4333328247070316e+00
   5.3400001525878906e+00
   1.8099998474121093e+00
  -5.7966663360595705e+00
   4.2999997138977053e-01
   5.9999995231628422e-01
   1.9966665267944337e+00
  -2.0799999237060547e+00
  -8.6033332824707038e+00
   5.2399997711181641e+00
   1.6866666793823242e+00
   2.1466667175292971e+00
  -1.0083332824707032e+01
  -5.1466663360595701e+00
   4.1666664123535160e+00
   1.6766664505004882e+00
  -6.5333335876464842e+00
   1.3993333435058593e+01
   2.4500000000000002e+00
   5.0266666412353516e+00
  -3.2366664886474608e+00
  -3.3799995422363280e+00
  -7.4433334350585936e+00
  -3.2399997711181641e+00
  -4.4433330535888675e+00
   2.5333333015441895e-01
  -6.9999998807907110e-02
   3.8933330535888673e+00
   6.0333328247070317e-01
  -7.2333326339721682e-01
  -6.8133323669433592e+00
  -4.8399997711181637e+00
  -3.5299999237060549e+00
   6.8999992370605465e+00
   1.1469999694824219e+01
   6.8299995422363278e+00
   1.4333332061767579e+00
   1.5533332824707031e+00
  -3.4533332824707030e+00
   4.1933330535888675e+00
   2.2633333206176758e+00
   3.8933330535888673e+00
  -6.9999998807907110e-02
   7.8799995422363285e+00
   2.4333332061767576e+00
  -6.0299999237060549e+00
  -5.8966667175292971e+00
   4.1199996948242186e+00
   1.7413331604003908e+01
  -1.1963333129882813e+01
  -1.9953332519531251e+01
  -1.9866666793823242e+00
  -5.6666664123535160e+00
   3.3833332061767578e+00
   7.7066658020019529e+00
   1.1716665649414063e+01
   3.7333332061767579e+00
  -7.3366668701171873e+00
  -2.9099998474121094e+00
   6.6966667175292969e+00
  -8.7500000000000000e+00
  -3.3666664123535157e+00
   1.8666666030883790e+00
   9.1333332061767580e-01
   8.3333328247070320e+00
  -2.9366664886474609e+00
  -7.8599998474121096e+00
  -1.0323332977294921e+01
   8.1499992370605465e+00
  -2.8999998092651369e+00
  -2.6399997711181640e+00
  -7.9333328247070316e+00
   1.5306665039062500e+01
   6.6499992370605465e+00
  -8.1899993896484382e+00
   6.8999996185302737e-01
  -8.8733329772949219e+00
   1.2856666564941406e+01
  -1.2779999542236329e+01
  -7.4899993896484371e+00
  -5.8166660308837894e+00
   8.8433326721191410e+00
   8.6433334350585938e+00
   2.7066665649414063e+00
  -2.1533332824707032e+00
  -2.8933330535888673e+00
   1.7899999618530273e+00
   4.5899997711181637e+00
  -4.9633331298828125e+00
   4.4666664123535158e+00
   3.5066665649414062e+00
   1.0633332252502441e+00
  -2.7100000381469727e+00
  -3.0833332061767580e+00
   4.2966663360595705e+00
   1.2733332633972168e+00
  -3.2666664123535155e-01
   2.0199998855590819e+00
  -1.1189999389648438e+01
   1.1399999618530274e+00
   5.4166664123535160e+00
  -7.4933326721191404e+00
  -5.0700000762939457e+00
  -1.7899999618530273e+00
   8.9533325195312496e+00
   4.1533332824707028e+00
  -8.5000000000000000e+00
   9.3066665649414055e+00
   1.0793333435058594e+01
  -5.2999997138977051e-01
  -3.5333330631256105e-01
  -1.5746665954589844e+01
   5.4466667175292969e+00
  -3.9799999237060546e+00
   1.1233333587646484e+01
   1.3273332214355468e+01
   6.6333332061767580e-01
   1.1333333253860474e-01
   5.8599998474121096e+00
  -3.8500000000000001e+00
   4.9466663360595700e+00
   3.2233333587646484e+00
  -1.0833333015441895e+00
  -1.0366665840148925e+00
  -1.0466666412353515e+01
  -1.0649999237060547e+01
   8.0999992370605476e+00
  -4.2666664123535158e-01
   4.8366664886474613e+00
   2.2833332061767577e+00
   8.3299995422363278e+00
  -3.4666664600372316e-01
   3.2366664886474608e+00
   1.5616665649414063e+01
   6.5566665649414064e+00
  -4.1566661834716800e+00
   9.1666660308837888e-01
  -6.8433326721191410e+00
   7.0699996948242188e+00
   5.4733333587646484e+00
  -7.2766662597656246e+00
  -3.8200000762939452e+00
  -1.6109999084472655e+01
  -1.6233331680297851e+00
   2.6899997711181642e+00
   4.6666666865348816e-02
   1.4503332519531250e+01
   2.4933332443237304e+00
   8.1400001525878913e+00
  -1.1346666717529297e+01
   3.9966663360595702e+00
  -8.5333328247070317e-01
   8.0566665649414055e+00
  -3.9633331298828125e+00
  -1.0640000152587891e+01
  -1.5666666030883789e-01
  -1.1523332977294922e+01
   7.6966667175292969e+00
   7.9333328247070316e+00
  -6.2066661834716799e+00
  -5.2500000000000000e+00
   1.4909999084472656e+01
   3.4366664886474609e+00
  -6.8166664123535154e+00
  -4.6066665649414063e+00
  -2.5633333206176756e+00
  -2.2999999523162842e-01
  -4.9333333969116211e-01
  -4.9333333969116211e-01
   2.2133333206176760e+00
  -1.0246666717529298e+01
  -1.4899998664855958e+00
  -1.3300000190734864e+00
  -7.4099998474121094e+00
  -3.0833332061767580e+00
   6.9766662597656248e+00
   1.1966666221618651e+00
  -2.4866666793823242e+00
   1.8199998855590820e+00
  -5.2333332061767575e+00
   7.0199996948242189e+00
   2.6266664505004882e+00
  -4.8366664886474613e+00
  -3.1966667175292969e+00
   4.2999996185302738e+00
   2.1333332061767579e-01
   2.3499998092651366e+00
   5.1966663360595700e+00
  -9.4666662216186526e-01
  -4.5666666030883790e-01
   9.7899993896484379e+00
  -2.8733331680297853e+00
  -2.7766666412353516e+00
   1.0029999542236329e+01
   1.1069999694824219e+01
   2.5399999618530273e+00
   6.8499992370605467e+00
  -5.8066665649414064e+00
  -6.3866664886474611e+00
   6.8599998474121096e+00
   5.0599998474121097e+00
   4.0066665649414066e+00
   1.1033332824707032e+00
   5.4166664123535160e+00
  -4.6866664886474609e+00
  -4.2799999237060549e+00
  -9.6833328247070316e+00
  -1.7699998855590819e+00
   8.1333332061767583e-01
   2.0933332443237305e+00
   3.3966663360595701e+00
   1.2166666030883788e+00
  -2.4366666793823244e+00
   8.3333330154418950e-01
   1.1889999389648438e+01
  -6.3799995422363285e+00
  -1.2633333206176758e+00
  -8.6533325195312507e+00
  -2.2233333587646484e+00
   9.1999998092651369e-01
   2.0866664886474608e+00
   9.4633331298828125e+00
  -7.3333334922790527e-01
  -8.1333332061767583e-01
   1.9566665649414063e+00
  -3.5666663646697999e-01
  -7.0066665649414066e+00
  -6.4333329200744627e-01
  -4.3399997711181637e+00
  -7.7466667175292967e+00
  -3.5599998474121093e+00
   5.1366664886474611e+00
  -2.0999999046325685e-01
  -1.0099999427795410e+00
  -1.0533332824707031e+01
  -5.0000000000000000e+00
   1.9766666412353515e+00
   4.9666664123535158e+00
  -6.1700000762939453e+00
   2.4566665649414063e+00
   3.0499998092651368e+00
   1.1503332519531250e+01
  -7.1533325195312498e+00
   4.3633331298828129e+00
  -3.6700000762939453e+00
   1.8000000000000000e+00
   5.5833332061767580e+00
   5.2299999237060550e+00
  -3.1966667175292969e+00
  -1.1796665954589844e+01
  -8.2599990844726570e+00
  -6.1099998474121096e+00
  -2.7999999523162844e-01
  -7.8166664123535154e+00
  -3.2999997138977050e-01
   3.3799995422363280e+00
   4.9133331298828127e+00
   8.7033325195312496e+00
  -4.2733329772949222e+00
  -4.5733329772949221e+00
  -2.6466667175292971e+00
   6.7066658020019529e+00
   1.1436665344238282e+01
  -1.6600000381469726e+00
   2.2299999237060546e+00
  -2.0066665649414062e+00
  -1.3999999046325684e+00
   4.4166664123535160e+00
   3.7766666412353516e+00
  -5.6966667175292969e+00
  -8.5099990844726570e+00
   3.2433330535888674e+00
   9.6299995422363285e+00
   1.2479999542236328e+01
   5.6666665077209477e-01
  -1.1966666221618651e+00
   5.6199993133544925e+00
   1.0769998931884766e+01
   4.5933330535888670e+00
   1.1719999694824219e+01
   9.7866661071777337e+00
  -1.6099998474121093e+00
   7.6666664123535160e+00
  -1.0873332977294922e+01
   1.1653332519531251e+01
   2.9600000381469727e+00
   1.6099998474121093e+00
   2.3033332824707031e+00
  -2.4500000000000002e+00
  -4.1500000000000004e+00
  -3.0866666793823243e+00
   1.4919999694824218e+01
   1.2909999084472656e+01
   1.6226666259765626e+01
   2.2099998474121092e+00
  -2.0099998474121095e+00
   1.3666666030883790e+00
  -1.1096666717529297e+01
   6.8233329772949221e+00
   1.4299999237060548e+00
   5.8533329010009769e+00
   8.0999994277954102e-01
  -9.8966659545898441e+00
  -5.5599998474121097e+00
   1.2799999237060546e+00
   1.4780000305175781e+01
   5.7966663360595705e+00
   7.8299995422363278e+00
   1.0466666221618652e+00
   2.0933332443237305e+00
  -2.1033332824707029e+00
   3.4033332824707032e+00
  -2.3699998855590820e+00
  -8.8366668701171882e+00
   1.2216665649414063e+01
  -1.9799999237060546e+00
  -5.1933330535888675e+00
  -3.5866664886474608e+00
   9.3699996948242195e+00
  -7.5000000000000000e+00
  -9.5333328247070315e-01
  -1.3099999427795410e+00
  -6.5999994277954099e-01
   1.4666666984558105e+00
  -6.8366668701171873e+00
  -1.3589999389648437e+01
   3.4033332824707032e+00
   1.9933332443237304e+00
  -1.4733333587646484e+00
   1.1566666603088378e+00
   4.0999999999999996e+00
  -1.4533333778381348e+00
  -2.4566665649414063e+00
   4.6666664123535160e+00
   3.3733333587646483e+00
  -2.3333332538604737e-01
   1.8866665649414063e+01
   6.8666663169860842e-01
   4.1266666412353512e+00
   7.8333328247070311e+00
  -4.1199996948242186e+00
   8.2366661071777347e+00
  -7.9500000000000002e+00
  -8.1566665649414070e+00
   4.4099998474121094e+00
   8.3233329772949212e+00
   5.4966663360595707e+00
   4.1999998092651369e-01
   4.2666664123535156e+00
  -5.8999996185302739e-01
  -1.8133333206176758e+00
  -9.3333330154418948e-01
   7.0833328247070311e+00
   1.7500000000000000e+00
  -3.0199996948242189e+00
   2.3146664428710938e+01
  -5.2033332824707035e+00
  -8.4166664123535160e+00
   4.8233329772949221e+00
  -7.6033332824707029e+00
   1.5399999618530273e+00
  -5.4966663360595707e+00
   4.6333332061767579e-01
  -4.2999997138977053e-01
  -2.4433332443237306e+00
   1.0800000190734864e+00
  -5.7999997138977055e-01
   3.1033330917358399e+00
  -3.5733329772949221e+00
  -5.8999996185302734e+00
  -1.0300000000000001e+01
  -1.2439999389648438e+01
   4.3233329772949221e+00
  -4.7833332061767582e+00
  -1.2966666221618652e+00
  -6.3666667938232422e+00
   7.5333333015441895e-01
   1.1019998931884766e+01
   6.8633331298828129e+00
  -4.0233329772949222e+00
  -1.7859999084472655e+01
  -8.8866661071777351e+00
  -1.1419998931884766e+01
   2.0173333740234376e+01
   4.6999998092651368e-01
   1.9566665649414063e+01
  -8.8966659545898441e+00
  -2.8433332443237305e+00
   3.8666664123535157e+00
   1.3913331604003906e+01
  -5.5399993896484379e+00
  -5.1033329010009769e+00
   2.9499998092651367e+00
  -3.5966667175292968e+00
  -1.4666666984558105e+00
  -2.1600000381469728e+00
   8.5466659545898445e+00
   5.7133331298828125e+00
  -8.7333326339721684e-01
   7.5166664123535156e+00
   9.9566658020019538e+00
  -7.3166664123535154e+00
  -4.1066665649414063e+00
   5.0166664123535156e+00
  -2.2566665649414062e+00
  -6.6999998092651369e-01
   6.2933330535888672e+00
  -1.7163331604003908e+01
   9.0733329772949212e+00
  -7.2299995422363281e+00
  -4.9033332824707028e+00
   1.2006666564941407e+01
   3.7933334350585937e+00
  -8.2399993896484371e+00
  -7.3099998474121097e+00
   1.2779999542236329e+01
   1.7966665267944335e+00
   5.4966663360595707e+00
  -1.3866665840148926e+00
   3.5333330631256105e-01
   1.7063333129882814e+01
  -5.6333332061767583e-01
   7.3966659545898441e+00
   2.1866666793823244e+00
   8.1066665649414063e+00
   3.9133331298828127e+00
   7.2966659545898436e+00
   1.4566665649414063e+00
   1.1693332672119141e+01
  -1.0429999542236327e+01
   1.0033332824707031e+00
  -6.8333330154418948e-01
   8.2333328247070305e+00
  -3.6666664123535155e+00
  -6.7666664123535156e+00
   8.1433334350585938e+00
   4.7866664886474606e+00
  -2.6333332061767578e+00
  -8.2199996948242191e+00
   2.6833333969116211e+00
   1.0143332672119140e+01
   1.2543331909179688e+01
  -7.7666664123535156e-01
  -1.9206666564941408e+01
   3.2756665039062497e+01
   1.1566666603088378e+00
  -2.4333331584930420e-01
   8.6599998474121094e+00
   3.2066665649414063e+00
  -3.6433330535888673e+00
  -4.6766666412353519e+00
   1.2666666507720947e-01
  -1.9033332824707032e+00
   7.8633331298828129e+00
  -5.9766666412353517e+00
   5.4733333587646484e+00
  -7.6666665077209473e-01
  -4.5833332061767580e+00
  -1.7633333206176758e+00
   2.3533332824707029e+00
   1.0606666564941406e+01
   2.2333332061767579e+00
  -3.6766666412353515e+00
   4.2299999237060550e+00
  -3.8633331298828124e+00
  -9.8666667938232422e-01
   1.1276665496826173e+01
  -1.9036666870117188e+01
   8.1999998092651372e-01
   3.8633331298828124e+00
  -4.2333332061767575e+00
  -2.5799999237060547e+00
  -3.6466663360595701e+00
  -1.7756666564941405e+01
   1.2590000152587891e+01
   3.2933334350585937e+00
  -2.1333332061767578e+00
   1.8833333969116210e+00
  -2.7666666030883791e+00
  -2.4133331298828127e+00
  -1.6699998855590821e+00
   6.1133331298828129e+00
   4.4966663360595707e+00
   7.6066665649414063e+00
  -2.3899999618530274e+00
   7.4299995422363283e+00
   1.3399999618530274e+00
   1.5733332633972168e+00
  -1.0226666259765626e+01
  -2.3999998092651369e+00
  -2.0399999618530273e+00
   8.5899993896484368e+00
  -8.1299995422363285e+00
   1.1449999237060547e+01
  -9.9333333969116211e-01
  -2.8166666030883789e+00
  -2.3733331680297853e+00
  -2.5799999237060547e+00
  -4.9333333969116211e-01
  -7.4799995422363281e+00
  -4.9299999237060543e+00
   4.9533332824707035e+00
   1.7066665649414063e+00
  -3.9666664600372314e-01
  -6.9099998474121094e+00
   5.4666664123535158e+00
  -2.3649998474121094e+01
   1.2866665840148925e+00
  -1.1603332519531250e+01
   1.1443332672119141e+01
   1.0853332519531250e+01
  -1.1576666259765625e+01
   1.0519999694824218e+01
  -4.8866664886474611e+00
   9.5399993896484379e+00
   3.9799999237060546e+00
  -1.0816666412353516e+01
  -7.6099998474121096e+00
   4.0000000000000000e+00
   9.6199996948242195e+00
   6.6666664123535160e+00
  -8.3766662597656243e+00
  -7.0999994277954104e-01
  -1.4823332214355469e+01
  -1.7633333206176758e+00
   9.9399993896484382e+00
   6.3966659545898441e+00
   1.3273332214355468e+01
  -5.7133331298828125e+00
  -9.9066665649414070e+00
  -3.1766664505004885e+00
   6.6333328247070309e+00
  -1.4333332777023317e-01
   1.0453332519531250e+01
  -3.3666665554046632e-01
  -6.1966667175292969e+00
  -4.8333330154418946e-01
  -6.8333330154418948e-01
   6.1233329772949219e+00
  -2.2699998855590819e+00
   4.5299999237060549e+00
   1.2273332977294922e+01
  -1.5699999809265137e+00
  -4.8099998474121097e+00
  -7.6166664123535153e+00
  -1.2500000000000000e+01
   6.4833328247070314e+00
  -1.2033332824707030e+00
   3.5566665649414064e+00
  -3.6299995422363280e+00
  -5.8433326721191410e+00
  -4.9099998474121094e+00
  -6.0299999237060549e+00
   4.4933330535888674e+00
  -1.2876664733886718e+01
   5.5033332824707033e+00
   2.4366666793823244e+00
  -3.6866664886474609e+00
  -8.6199996948242195e+00
  -2.7766666412353516e+00
  -9.0799995422363278e+00
   5.6866664886474609e+00
   5.6466667175292971e+00
   1.1999999046325684e+00
   6.0499996185302738e+00
   5.3899997711181644e+00
  -1.8003332519531249e+01
  -1.2603332519531250e+01
  -1.3496665954589844e+01
   3.7599998474121095e+00
  -1.6633331298828125e+00
   1.0789999389648438e+01
   7.1866661071777340e+00
   4.8866664886474611e+00
   6.8533332824707029e+00
  -5.5966663360595703e+00
   1.0859999084472657e+01
   1.1756666564941407e+01
  -1.7966665267944335e+00
   4.1799999237060543e+00
  -1.4183332824707032e+01
  -1.2299999237060546e+00
  -1.7666665315628052e-01
   2.5466665267944335e+00
  -1.7026666259765626e+01
   1.3049998474121093e+01
  -2.0163331604003908e+01
   1.1206665802001954e+01
  -1.1033332824707031e+01
  -3.1199998855590820e+00
   7.5333333015441895e-01
  -5.1666665077209473e-01
   1.8433332443237305e+00
   1.1306665802001953e+01
   6.7033325195312496e+00
  -3.6433330535888673e+00
  -4.1799999237060543e+00
  -8.6766662597656250e+00
  -1.8299999237060547e+00
  -5.4200000762939453e+00
  -5.1333332061767578e+00
   1.5863333129882813e+01
   3.3299999237060547e+00
   9.4899993896484371e+00
  -4.2199996948242191e+00
  -8.0333328247070313e-01
   3.5499996185302733e+00
  -3.5199996948242189e+00
   1.2193332672119141e+01
   1.0699999809265137e+00
   1.5373332214355468e+01
  -1.3966666221618653e+00
  -3.8099998474121093e+00
  -8.3499992370605476e+00
  -8.0666664123535163e+00
  -7.7433326721191404e+00
   7.4933326721191404e+00
  -3.2566665649414062e+00
   3.2366664886474608e+00
   1.7666665315628052e-01
   1.5226666259765626e+01
   2.0666666030883789e+00
   1.3709999084472656e+01
  -3.9099998474121094e+00
   6.7500000000000000e+00
   1.8666666746139526e-01
   8.9499992370605472e+00
  -5.0666664123535154e+00
   2.2463333129882813e+01
   1.2933332443237304e+00
  -8.3399993896484368e+00
  -1.5699999809265137e+00
  -1.9996665954589844e+01
  -3.1333332061767578e+00
  -1.6499998092651367e+00
  -3.2633331298828123e+00
  -1.4566667175292968e+01
  -1.2366665649414063e+01
  -7.6233329772949219e+00
  -1.5016665649414062e+01
  -4.5533332824707031e+00
  -1.5966666221618653e+00
   1.1963333129882813e+01
  -2.7133331298828125e+00
  -7.5533332824707031e+00
   4.2833332061767582e+00
  -2.9133331298828127e+00
   8.4566658020019538e+00
  -3.8633331298828124e+00
   3.4033332824707032e+00
  -1.8969999694824217e+01
   8.2333335876464842e-01
  -1.1376667022705078e+01
  -7.6666664123535160e+00
  -1.0343332672119141e+01
   8.8966659545898441e+00
  -3.5966667175292968e+00
  -8.7533332824707024e+00
   4.8699996948242186e+00
   9.3466659545898434e+00
   4.7066665649414059e+00
  -4.7466663360595707e+00
  -6.4666664123535158e+00
   6.9933326721191404e+00
   5.9266662597656250e+00
  -3.7033332824707030e+00
  -2.1600000381469728e+00
   3.9099998474121094e+00
  -4.6266666412353512e+00
   8.2833335876464851e+00
  -8.2299995422363281e+00
   3.9533332824707030e+00
   3.3599998474121096e+00
  -6.6666664123535160e+00
   4.4033332824707028e+00
   2.8066665649414064e+00
   6.7233329772949215e+00
   2.6333332061767578e+00
  -1.5799998474121093e+01
   5.2733329772949222e+00
  -4.1866664886474609e+00
  -1.5566666603088379e+00
  -1.3346665954589843e+01
  -4.9133331298828127e+00
  -3.5666663646697999e-01
   8.0500000000000007e+00
  -1.0613333129882813e+01
   2.0666666030883790e-01
   2.4733331680297850e+00
   2.4100000381469728e+00
   9.5433326721191403e+00
   5.5999996185302736e+00
  -6.3566665649414063e+00
   4.6999996185302733e+00
  -9.2966659545898445e+00
  -8.4399993896484382e+00
  -3.0799999237060547e+00
  -2.7666666030883791e+00
  -5.4533329010009766e+00
   6.7433326721191404e+00
   3.1999998092651367e+00
   3.9999997615814209e-01
  -7.6199996948242186e+00
   1.3733332633972168e+00
  -4.5000000000000001e-01
  -8.9199996948242184e+00
   2.0966665267944338e+00
  -1.5053332519531249e+01
  -2.6266664505004882e+00
  -2.2233333587646484e+00
  -1.1546665954589844e+01
  -8.8900001525878913e+00
   1.1733332633972169e+00
  -6.5266662597656246e+00
   7.3566665649414063e+00
   1.5476666259765626e+01
  -1.4253332519531250e+01
   1.7166666030883788e+00
   1.5696665954589843e+01
   6.7399993896484371e+00
   2.8579998779296876e+01
  -5.3833332061767578e+00
  -5.4000000953674321e-01
  -4.8033332824707031e+00
  -8.6766662597656250e+00
  -1.0256665802001953e+01
  -7.6299995422363285e+00
   6.9699996948242191e+00
   3.5466663360595705e+00
   7.7333331108093262e-01
   6.0333332061767582e+00
  -8.0866668701171882e+00
  -2.2333331108093263e-01
   2.1199998855590820e+00
  -9.4899993896484371e+00
   4.7666664123535156e+00
   6.3199996948242188e+00
  -3.0499998092651368e+00
  -2.1000000000000000e+01
  -1.8106666564941406e+01
   1.4166666030883790e+00
  -5.4633331298828125e+00
   1.8689999389648438e+01
  -2.1833332061767576e+00
  -1.8999998092651367e+00
   1.5766666412353516e+00
  -3.1766664505004885e+00
   1.0199999809265137e+00
  -7.2566665649414066e+00
  -8.6333332061767576e-01
   1.4903332519531251e+01
   5.4966663360595707e+00
   6.9933326721191404e+00
  -2.7199998855590821e+00
  -4.3633331298828129e+00
   2.1299999237060545e+00
   7.1833328247070316e+00
   1.3066665649414062e+00
  -8.6699996948242184e+00
  -5.3233329772949221e+00
   1.3863333129882813e+01
   6.2599994659423830e+00
  -6.9133331298828127e+00
  -7.5499999999999998e+00
  -1.3233333587646485e+00
  -5.6266662597656252e+00
   6.9999995231628420e-01
  -1.0589999389648437e+01
   2.0233331680297852e+00
   5.6399997711181644e+00
   4.8733333587646488e+00
   3.6533332824707032e+00
   7.0666664123535154e+00
  -4.6833328247070316e+00
  -7.7599990844726561e+00
  -4.4699996948242191e+00
  -3.9299999237060548e+00
   1.1266666412353517e+00
   3.5866664886474608e+00
   1.0066666603088379e+00
  -4.6333332061767579e-01
  -1.8379998779296876e+01
   5.1233333587646488e+00
  -9.0099990844726570e+00
  -1.3596665954589843e+01
   1.3033332824707031e+00
  -8.4366661071777340e+00
   3.7099998474121092e+00
   1.2969999694824219e+01
  -1.8733331680297851e+00
   7.2833335876464842e+00
   7.5533332824707031e+00
  -3.1666666030883790e+00
   1.8533332824707032e+00
  -6.9999995231628420e-01
  -4.0499996185302738e+00
   1.0106666564941406e+01
  -7.8233329772949221e+00
   6.2666664123535154e-01
  -7.8266662597656254e+00
   4.2666664123535156e+00
  -6.0666660308837894e+00
  -1.0363333129882813e+01
  -7.6899993896484373e+00
   1.5316667175292968e+01
   8.8699996948242195e+00
   1.1476666259765626e+01
   1.7239999389648439e+01
  -7.1966667175292969e+00
   8.6666661500930789e-02
  -4.7133331298828125e+00
  -1.5679998779296875e+01
   1.8086665344238281e+01
  -5.7266666412353517e+00
  -4.3333332061767580e+00
  -1.5153332519531251e+01
  -1.9366666793823242e+00
   3.9999997615814209e-01
  -5.7500000000000000e+00
  -6.4799995422363281e+00
  -1.0656666564941407e+01
  -7.7433326721191404e+00
  -6.6066665649414063e+00
   1.3463333129882813e+01
  -6.6666665077209475e-01
   5.8366664886474613e+00
  -7.3599998474121096e+00
  -6.8999996185302737e-01
   8.4866661071777347e+00
  -4.1566661834716800e+00
   5.4033329010009767e+00
   3.5233329772949218e+00
  -3.7433330535888674e+00
   7.1666664123535160e+00
   2.4533330917358400e+00
  -3.6966667175292969e+00
   5.8633331298828129e+00
  -3.7833332061767577e+00
   4.2166664123535158e+00
   1.0209999847412110e+01
  -2.9833332061767579e+00
  -3.4866664886474608e+00
  -1.0666666030883790e-01
  -1.4333332061767579e+00
   1.1653332519531251e+01
   4.8666664123535153e+00
  -6.9933326721191404e+00
   6.3099998474121097e+00
  -1.6813333129882814e+01
   1.1169998931884766e+01
   2.4266664505004885e+00
  -1.4926666259765625e+01
   7.9766662597656248e+00
  -9.7666654586791990e-01
  -4.0466663360595705e+00
   1.6999999284744263e-01
   5.5666666030883794e-01
   6.2233333587646484e+00
  -1.2533332824707031e+00
  -7.8999992370605465e+00
   7.3000001907348633e-01
   7.0566665649414064e+00
   3.0366664886474610e+00
  -2.9966665267944337e+00
   4.9166664123535160e+00
  -7.3433326721191410e+00
  -1.1593332672119141e+01
   2.3433332443237305e+00
  -6.3666667938232422e+00
   1.5799998474121093e+01
   4.3599998474121096e+00
  -1.8276666259765626e+01
  -6.6666662693023682e-02
  -7.7533332824707033e+00
  -1.1266666412353517e+00
   1.1509999084472657e+01
  -2.5866664886474608e+00
  -6.4333329200744627e-01
   6.9699996948242191e+00
   4.0199996948242189e+00
  -4.3200000762939457e+00
   8.5999994277954106e-01
   4.3799995422363285e+00
  -1.0733333587646485e+00
   4.6566661834716800e+00
   1.0099999427795410e+00
  -5.7966663360595705e+00
   4.6433330535888668e+00
  -8.8866661071777351e+00
   4.6166664123535153e+00
   1.5833333015441895e+00
   1.6266666412353517e+00
  -3.7766666412353516e+00
  -5.2799995422363279e+00
  -7.2866661071777346e+00
   2.5000000000000000e-01
   2.5999998092651366e+00
  -1.6299999237060547e+00
  -4.3299999237060547e+00
   8.6699996948242184e+00
   5.7433330535888674e+00
   4.0499996185302738e+00
  -4.5233329772949222e+00
  -1.0429999542236327e+01
  -6.8666664123535153e+00
   1.4233332633972169e+00
   1.0013333129882813e+01
  -5.1366664886474611e+00
   3.7399997711181641e+00
   3.0266666412353516e+00
  -3.5899997711181642e+00
  -9.0000000000000002e-01
   4.4533332824707035e+00
  -5.1999998092651367e-01
  -7.6599998474121094e+00
  -8.3066665649414055e+00
  -3.7199996948242187e+00
  -8.8333328247070320e+00
   3.6866664886474609e+00
   1.5939999389648438e+01
   8.8499992370605476e+00
   1.4733333587646484e+00
  -1.2816667175292968e+01
  -7.8699996948242186e+00
   2.5066665649414062e+00
   3.7666667938232421e+00
   8.7233329772949215e+00
  -2.4866666793823242e+00
   3.2266662597656248e+00
  -1.5679998779296875e+01
   2.7899999618530273e+00
   1.0983333587646484e+01
   7.2066658020019529e+00
  -5.7633327484130863e+00
   3.9099998474121094e+00
  -3.0299999237060549e+00
  -3.6299995422363280e+00
  -4.9999997019767761e-02
  -1.4666666984558105e+00
  -4.0099998474121090e+00
  -6.7033325195312496e+00
   1.6119999694824219e+01
   9.9433334350585945e+00
   2.5966665267944338e+00
  -8.1533325195312507e+00
  -9.0066658020019528e+00
   3.2933334350585937e+00
   1.5799999237060547e+00
  -4.7199996948242191e+00
   4.7433330535888674e+00
   4.2766666412353516e+00
   7.1533325195312498e+00
   4.2133331298828125e+00
  -2.9899999618530275e+00
   6.8433326721191410e+00
  -2.4843331909179689e+01
   3.1566663742065431e+00
  -7.2333328247070314e+00
  -1.1000000000000001e+00
   1.4106666564941406e+01
  -9.9533325195312496e+00
   4.5166664123535156e+00
   9.8166664123535163e+00
  -3.7566665649414062e+00
  -1.4016665649414062e+01
  -1.8879998779296876e+01
  -1.2553333282470703e+01
   1.3173333740234375e+01
   1.3113333129882813e+01
  -1.4449998474121093e+01
  -2.2399999618530275e+00
  -1.0739998626708985e+01
  -5.3733329772949219e+00
   6.0966663360595703e+00
   2.1389999389648438e+01
   4.1599998474121094e+00
  -4.2166664123535158e+00
  -1.5776666259765625e+01
  -2.1666666030883790e+00
  -9.8399993896484368e+00
   6.1266662597656252e+00
  -1.1046665954589844e+01
   1.6796665954589844e+01
  -2.7969998168945313e+01
   1.0209999847412110e+01
  -6.0000000000000000e+00
   6.8166664123535154e+00
  -4.6533332824707028e+00
  -2.2066665649414063e+00
  -5.5533332824707031e+00
  -5.2266662597656248e+00
  -2.2666666507720948e-01
   4.0466663360595705e+00
   1.7599998474121095e+00
   3.6700000762939453e+00
   6.9999995231628420e-01
  -8.5666666030883787e-01
  -2.8333332061767580e+00
  -7.0533332824707031e+00
   2.3699998855590820e+00
  -4.4499996185302733e+00
  -2.0266666412353516e+00
  -3.8699996948242186e+00
   4.9833332061767575e+00
   4.5033329010009764e+00
  -3.1199998855590820e+00
   1.1809999847412110e+01
   4.3699996948242186e+00
  -1.5099998474121095e+00
   2.8266664505004884e+00
  -4.5166664123535156e+00
   2.0566665649414064e+00
   1.1833333015441894e+00
   5.7333331108093266e-01
   2.0899999618530272e+00
   3.6133331298828124e+00
   7.6799995422363283e+00
   1.7366666793823242e+00
  -6.1766662597656250e+00
   7.0399993896484379e+00
  -1.4159999084472656e+01
   7.1499992370605465e+00
  -3.7566665649414062e+00
  -4.9266666412353519e+00
  -1.4333332061767579e+00
  -4.0333328247070310e-01
  -7.5433326721191403e+00
   6.4799995422363281e+00
   1.2256666564941407e+01
   3.2500000000000000e+00
   7.2666668891906738e-01
   8.4466667175292969e+00
   5.0999999046325684e-01
  -2.3533332824707029e+00
  -9.8666656494140632e+00
   2.8399997711181642e+00
   7.1899993896484373e+00
  -3.1966667175292969e+00
   6.2799999237060549e+00
   1.0866666793823243e+00
  -6.0199996948242189e+00
   1.4166666030883790e+00
  -8.5299995422363288e+00
   9.9133331298828118e+00
  -1.1333332824707032e+01
   3.9533332824707030e+00
  -6.0933326721191410e+00
  -6.0066665649414066e+00
   1.3666666030883790e+00
   5.2333331108093262e-01
   9.7366661071777347e+00
  -4.6533332824707028e+00
  -1.0983333587646484e+01
  -8.5666666030883787e-01
  -9.0333328247070313e+00
  -4.5133331298828123e+00
   6.7966659545898436e+00
  -5.6666665077209477e-01
   1.0833333015441895e+00
  -9.3466659545898434e+00
   6.1833328247070316e+00
  -4.8033332824707031e+00
   7.3233329772949221e+00
   4.1666664123535160e+00
   5.8466663360595703e+00
   3.0699998855590822e+00
   1.0256665802001953e+01
  -1.0326666259765625e+01
   3.8366664886474608e+00
   1.8666666030883790e+00
   5.6933330535888675e+00
  -3.7066665649414063e+00
  -4.0333332061767582e+00
  -3.0799999237060547e+00
  -6.2666664123535154e-01
   3.9433330535888671e+00
  -8.4366661071777340e+00
   6.4799995422363281e+00
  -4.1699996948242184e+00
   1.7799999237060546e+00
   9.2699996948242180e+00
  -1.8999998092651367e+00
   6.0866664886474613e+00
   1.0573332977294921e+01
   2.3133333206176756e+00
  -4.4933330535888674e+00
  -2.7866664886474610e+00
   4.6333332061767579e-01
   4.6500000000000004e+00
  -2.8999998569488528e-01
  -1.0166666030883789e+00
   3.0699998855590822e+00
   1.9399997711181640e+00
   3.0933332443237305e+00
   1.3666666746139527e-01
   9.3333330154418948e-01
   8.8333328247070320e+00
  -2.6666665077209474e-02
  -5.3599998474121096e+00
  -4.9766662597656248e+00
   4.2233333587646484e+00
  -7.6366661071777342e+00
   5.8933334350585938e+00
   4.5766662597656254e+00
  -9.2699996948242180e+00
   4.5366664886474606e+00
  -6.7766662597656246e+00
   4.7233333587646484e+00
  -7.1666660308837893e-01
  -1.8166666030883789e+00
   2.3333332538604737e-01
  -3.8133331298828126e+00
   5.8199996948242188e+00
   5.9566661834716799e+00
   5.1133331298828129e+00
  -4.2433330535888674e+00
   2.4033332824707032e+00
   7.8833328247070309e+00
  -1.6799999237060548e+00
  -6.3033332824707031e+00
  -1.8333333730697632e-01
  -3.3333332061767580e+00
  -3.4433330535888671e+00
   8.5099990844726570e+00
   5.9500000000000002e+00
   4.5633331298828121e+00
   2.5799999237060547e+00
  -5.4133331298828127e+00
  -6.6099998474121096e+00
  -2.8500000000000001e+00
   7.2733329772949222e+00
  -2.2399999618530275e+00
   6.2599994659423830e+00
   2.1699998855590819e+00
   9.4333328247070316e+00
  -1.2999999523162842e-01
   2.1333332061767578e+00
  -3.7033332824707030e+00
   3.7266662597656248e+00
   7.2266662597656248e+00
   6.6666662693023685e-03
  -1.9633333206176757e+00
   1.4966665267944337e+00
  -6.8900001525878904e+00
  -3.5033332824707033e+00
  -6.2966663360595705e+00
   1.6999999284744263e-01
  -8.6599998474121094e+00
   3.2999996185302733e+00
   5.2566665649414066e+00
   1.8000000000000000e+00
   1.9133331298828125e+00
  -1.5363333129882813e+01
   3.8866664886474611e+00
   1.0043332672119140e+01
   8.5733329772949212e+00
  -1.4866666793823242e+00
  -1.0566665649414062e+00
  -1.9599998474121094e+00
  -5.9799999237060550e+00
   2.4366666793823244e+00
  -7.9866661071777347e+00
   1.2739998626708985e+01
  -3.6166664123535157e+00
  -9.4533325195312496e+00
   3.5633331298828126e+00
  -3.3999999999999999e+00
  -8.5299995422363288e+00
   2.5266666412353516e+00
  -7.1833328247070316e+00
   5.7766666412353516e+00
  -2.8833332061767578e+00
  -6.5766662597656254e+00
   4.1500000000000004e+00
   1.5439999389648438e+01
   1.2413332366943360e+01
   1.5836665344238281e+01
   2.7833330154418947e+00
  -2.8099996566772463e+00
  -2.3333332061767580e+00
   1.6339999389648437e+01
   1.7036666870117188e+01
   7.2500000000000000e+00
  -2.1166666030883787e+00
   3.9899997711181641e+00
  -1.2333332824707032e+01
   3.0199996948242189e+00
  -4.9833332061767575e+00
  -5.1933330535888675e+00
  -8.0266662597656246e+00
   4.0199996948242189e+00
   7.8299995422363278e+00
  -4.9599998474121092e+00
  -1.2306665802001953e+01
  -2.3699998855590820e+00
   1.0133333206176758e+00
  -8.1799995422363274e+00
   3.4633331298828125e+00
   9.9999994039535519e-03
   1.1443332672119141e+01
  -1.1366665840148926e+00
   4.0399997711181639e+00
  -1.9366666793823242e+00
  -1.6333333969116210e+00
  -2.4799999237060546e+00
   1.4473332214355469e+01
  -1.0113333129882813e+01
   4.4799999237060550e+00
  -2.7500000000000000e+00
  -5.9799999237060550e+00
   4.6666666865348816e-02
  -4.1033329010009769e+00
   1.0149999237060547e+01
   2.4766666412353517e+00
  -1.7566665649414062e+00
   1.1243332672119141e+01
  -2.4299999237060548e+00
   2.9799997329711916e+00
   8.2099998474121101e+00
   5.5433330535888672e+00
   7.6033332824707029e+00
   4.4299999237060543e+00
  -2.0999999046325685e-01
  -2.1999998092651368e-01
   8.2966659545898445e+00
   1.0233332633972168e+00
   1.3699999809265138e+00
  -5.0833332061767580e+00
  -1.7766666412353516e+00
  -5.7399997711181641e+00
  -4.4033332824707028e+00
   6.2366661071777347e+00
  -8.7433326721191413e+00
  -1.0943332672119141e+01
  -7.8399993896484377e+00
  -1.0739998626708985e+01
  -1.6099998474121093e+00
   1.3399999618530274e+00
   5.3333332061767580e+00
   3.7666666507720947e-01
   1.2599999427795410e+00
   6.5866668701171873e+00
   5.0799999237060547e+00
   4.8999996185302735e-01
  -5.4833328247070314e+00
  -3.3333332061767580e+00
  -1.4633332252502442e+00
  -5.1099998474121096e+00
   1.3399999618530274e+00
   5.4899997711181641e+00
  -1.6600000381469726e+00
  -4.8899997711181644e+00
  -1.4066665649414063e+00
   3.9433330535888671e+00
  -1.4566665649414063e+00
   5.5699996948242188e+00
  -2.7333333492279055e-01
  -1.0763333129882813e+01
  -2.7766666412353516e+00
  -1.0759999084472657e+01
   3.0499998092651368e+00
   5.4633331298828125e+00
   3.4533332824707030e+00
  -4.6833328247070316e+00
  -4.0633331298828121e+00
   1.9333332061767579e+00
   1.1639999389648438e+01
   6.8266662597656254e+00
  -9.7999992370605471e-01
  -1.2659999847412109e+01
   2.4133331298828127e+00
   6.1533329010009767e+00
   6.0900001525878906e+00
   1.1473332214355469e+01
   1.3273332214355468e+01
   2.9166666030883790e+00
   1.1113333129882813e+01
  -3.6966667175292969e+00
   1.0199999237060547e+01
   3.6399997711181640e+00
   1.2976666259765626e+01
  -5.4966663360595707e+00
   7.5633323669433592e+00
  -5.3933334350585938e+00
   8.2333328247070305e+00
   2.0566665649414064e+00
  -1.0239999389648437e+01
  -1.4756666564941407e+01
   2.4633333206176760e+00
   1.6129998779296876e+01
  -5.9333328247070316e+00
  -2.0683332824707030e+01
  -3.6499999999999999e+00
   1.4456666564941406e+01
   9.9733329772949215e+00
  -3.8699996948242186e+00
  -1.5123332214355468e+01
  -3.6599998474121094e+00
   3.3333331346511843e-03
   1.3163331604003906e+01
   8.9633331298828125e+00
  -1.3743333435058593e+01
   4.4466667175292969e+00
  -9.1033332824707038e+00
   2.6666665077209473e-01
  -5.5133327484130863e+00
   2.2999999523162842e-01
  -2.1899997711181642e+00
   6.9733329772949215e+00
   5.0700000762939457e+00
   9.3599998474121087e+00
  -8.6433334350585938e+00
  -8.5833328247070320e+00
   6.3400001525878906e+00
   8.7133331298828125e+00
  -7.6666659116745001e-02
   9.4866661071777347e+00
  -7.0633323669433592e+00
   1.4483332824707031e+01
   6.2000000000000002e+00
  -3.6933330535888671e+00
  -2.7100000381469727e+00
   5.0466663360595705e+00
   5.5566665649414064e+00
   7.0233329772949222e+00
  -3.4666664123535158e+00
  -1.2966666221618652e+00
   8.0233329772949222e+00
  -3.5766662597656249e+00
   6.0399993896484379e+00
  -7.1466659545898441e+00
  -1.2013333129882813e+01
  -4.6233333587646488e+00
   6.8333330154418948e-01
  -5.2066665649414059e+00
  -5.0933330535888670e+00
  -1.0269999694824218e+01
   8.8366668701171882e+00
   1.7966665267944335e+00
  -1.2196666717529297e+01
  -1.0556666564941406e+01
  -2.4500000000000002e+00
   4.8333332061767580e+00
   5.7666664123535161e-01
   2.3566665649414063e+00
   3.3399997711181642e+00
  -6.0699996948242188e+00
  -2.9033332824707032e+00
  -1.1869999694824219e+01
   5.9766666412353517e+00
  -1.5159999084472656e+01
  -1.8833333969116210e+00
   1.4106666564941406e+01
  -5.1633331298828127e+00
   3.1766664505004885e+00
  -3.9366664886474609e+00
  -7.9266662597656250e+00
   6.4433334350585936e+00
   5.6666665077209477e-01
   1.1416666412353516e+01
   7.2666664123535156e+00
  -4.4666662216186526e-01
  -1.2433333396911621e+00
   6.7699996948242189e+00
  -6.8366668701171873e+00
  -3.2333332061767579e+00
   2.8699998855590820e+00
  -2.3666665554046631e-01
  -5.0566665649414064e+00
  -9.8333330154418941e-01
  -1.0113333129882813e+01
  -3.3200000762939452e+00
   8.1166664123535153e+00
   9.2333328247070305e+00
   6.1833328247070316e+00
   3.1499998092651369e+00
  -1.0486666107177735e+01
   6.4599998474121092e+00
  -9.4499992370605472e+00
  -9.2866661071777337e+00
   3.8833332061767578e+00
   3.5666664123535154e+00
  -3.0133333206176758e+00
   2.7266664505004883e+00
  -9.0999994277954099e-01
  -1.5133333206176758e+00
   3.4866664886474608e+00
  -7.5999999046325684e-01
  -6.2033329010009766e+00
   8.4799995422363281e+00
   3.7199996948242187e+00
  -6.1299995422363285e+00
  -1.3280000305175781e+01
  -1.2500000000000000e+00
   3.3200000762939452e+00
   4.5933330535888670e+00
   9.9966667175292976e+00
   1.9733333587646484e+00
  -5.5733329772949221e+00
   6.5399993896484379e+00
   7.5999999046325684e-01
  -4.3366664886474613e+00
   3.1666665077209472e-01
   7.0999994277954104e-01
  -4.7199996948242191e+00
  -5.3200000762939457e+00
  -3.2500000000000000e+00
   4.3999996185302737e-01
   1.2349999237060548e+01
  -8.6933334350585945e+00
  -1.8599998474121093e+00
  -1.0836666107177734e+01
  -2.3633331298828124e+00
  -1.8266666412353516e+00
   3.2699996948242189e+00
  -7.5866668701171873e+00
  -1.5066666603088379e+00
   6.8166664123535154e+00
   1.0156666564941407e+01
  -5.8133335113525391e+00
