   6.8992662037171844e+00
   6.8986782144188394e+00
   6.9044084532836196e+00
   6.9053029990909218e+00
   6.9134290215822585e+00
   6.9202379145916906e+00
   6.9322027928964625e+00
   6.9341894817485734e+00
   6.9485562988646423e+00
   6.9507578035218698e+00
   6.9544380114659852e+00
   6.9854213982375644e+00
   6.9955291221768663e+00
   6.9989523125350885e+00
   7.0036298997900328e+00
   7.0160676238069799e+00
   7.0289227849560838e+00
   7.0291489771561917e+00
   7.0378502347074843e+00
   7.0474121251333290e+00
   7.0480814036193937e+00
   7.0613590013528249e+00
   7.0674655705305547e+00
   7.0820264460749778e+00
   7.0847210294749043e+00
   7.0956780352619253e+00
   7.0823763352204319e+00
   7.0843199954505867e+00
   7.0744085139202992e+00
   7.0737580500113602e+00
   7.0774997129972474e+00
   7.0842092408417541e+00
   7.0822908157531410e+00
   7.0629576014040616e+00
   7.0766591404782542e+00
   7.0863780402219954e+00
   7.0842994929394969e+00
   7.0947102479395738e+00
   7.0892853928613651e+00
   7.0930590101792506e+00
   7.0861098339836373e+00
   7.0800616404134153e+00
   7.0614477764072996e+00
   7.0754717581917994e+00
   7.0751691674360053e+00
   7.0760465821500356e+00
   7.0940891223256903e+00
   7.0871716672694243e+00
   7.0860353847334663e+00
   7.0887846540129091e+00
   7.0654831044005135e+00
   7.0496231383211567e+00
   7.0475640958480703e+00
   7.0409430423453596e+00
   7.0334261575977193e+00
   7.0268682121724604e+00
   7.0165159676334108e+00
   7.0106836419443184e+00
   7.0014940169174142e+00
   6.9912905156374823e+00
   6.9841494036800498e+00
   6.9740767069542597e+00
   6.9683128306329163e+00
   6.9673745186448013e+00
   6.9597454362084221e+00
   6.9416665168474285e+00
   6.9197645378277883e+00
   6.9069472717430775e+00
   6.8873313892179313e+00
   6.8707512699013433e+00
   6.8498741394214093e+00
   6.8332569297572983e+00
   6.8157580785796261e+00
   6.7995778660032160e+00
   6.7870913774784452e+00
   6.7796098561032050e+00
   6.7690275154635566e+00
   6.7367801914608112e+00
   6.7364455349178538e+00
   6.7266262535904220e+00
   6.7173199804731958e+00
   6.6933891854860930e+00
   6.6801659753938170e+00
   6.6771680672234872e+00
   6.6682425624958945e+00
   6.6599702687287907e+00
   6.6697831900588680e+00
   6.6958047146770507e+00
   6.7005822321925201e+00
   6.7211152211225187e+00
   6.7275500961267696e+00
   6.7295691676434473e+00
   6.7356740198079601e+00
   6.7563654134113866e+00
   6.8124680277465703e+00
   6.8423150491443963e+00
   6.8558355135757427e+00
   6.8807245008330584e+00
   6.8854465117802794e+00
   6.8821236684771003e+00
   6.8724385326891113e+00
   6.8730802391689894e+00
   6.8588388699722529e+00
   6.8722940002137625e+00
   6.8612418009585632e+00
   6.8572878724489330e+00
   6.8542669172230068e+00
   6.8558410431180370e+00
   6.8455910620585678e+00
   6.8443339259217462e+00
   6.8398642096579829e+00
   6.8360200194497009e+00
   6.8267587235536409e+00
   6.8204817899009678e+00
   6.8024566432036595e+00
   6.7823418677472214e+00
   6.7626878577446172e+00
   6.7533940610423500e+00
   6.7542722462804727e+00
   6.7483478398255397e+00
   6.7400918968864918e+00
   6.7391854301928147e+00
   6.7337360559370429e+00
   6.7360534730976722e+00
   6.7278747518010125e+00
   6.7212829712803472e+00
   6.7164162924065947e+00
   6.7085888209200055e+00
   6.7049714569197230e+00
   6.7060170690818692e+00
   6.7055260755292716e+00
   6.6977884846800100e+00
   6.6965644527346413e+00
   6.7029397019109282e+00
   6.7075582617542979e+00
   6.7097466569743887e+00
   6.7069072214679712e+00
   6.7179532123345052e+00
   6.7150438819302734e+00
   6.7191731923101772e+00
   6.7108836984851763e+00
   6.7065452579788305e+00
   6.7028821631791615e+00
   6.7086825560109604e+00
   6.7244724511519447e+00
   6.7101917079765530e+00
   6.7081338984216394e+00
   6.7111032326233424e+00
   6.7104276040840620e+00
   6.7146167960121801e+00
   6.7271540520006905e+00
   6.7308792109205662e+00
   6.7495474257044874e+00
   6.7693820161576488e+00
   6.7728333978227990e+00
   6.7638554898528476e+00
   6.7595070872834997e+00
   6.7781681236897144e+00
   6.7892108837258469e+00
   6.7869556257830288e+00
   6.7849783603186360e+00
   6.7925933085665529e+00
   6.8038242782123932e+00
   6.8027373548651351e+00
   6.8035612099790530e+00
   6.8006049521014642e+00
   6.8091526425024336e+00
   6.7987134634959698e+00
   6.8209481866010719e+00
   6.8083194669246625e+00
   6.8030771207043692e+00
   6.8014981171192259e+00
   6.8085952737432223e+00
   6.8064018382126390e+00
   6.8026776114285550e+00
   6.7942648171012872e+00
   6.8059214856756434e+00
   6.7996352091266798e+00
   6.8024991896745073e+00
   6.7966628213315587e+00
   6.8026130425883817e+00
   6.8064027054634861e+00
   6.7966336421227966e+00
   6.7941888778453112e+00
   6.7900109218404738e+00
   6.7797019930971771e+00
   6.7850593388309104e+00
   6.7696586477858824e+00
   6.7699811444813127e+00
   6.7663978963231273e+00
   6.7616023175695874e+00
   6.7542933374973400e+00
   6.7479932569736842e+00
   6.7448355567197762e+00
   6.7197650174681733e+00
   6.6970304149415911e+00
   6.6669263821603604e+00
   6.6612503309348146e+00
   6.6425321862919864e+00
   6.6317672328957986e+00
   6.6239920333500892e+00
   6.6226542370818668e+00
   6.6234163437896854e+00
   6.6211059772949339e+00
   6.6130338139838152e+00
   6.5939094704357535e+00
   6.5900591901667704e+00
   6.5791126804922282e+00
   6.5782502793103337e+00
   6.5842149019794256e+00
   6.5832052833737178e+00
   6.5781916898150454e+00
   6.5770659612156992e+00
   6.5750123594003451e+00
   6.5778763656815968e+00
   6.5735942215237761e+00
   6.5745411493257730e+00
   6.5751878823834904e+00
   6.5792797997761285e+00
   6.5732234281710307e+00
   6.5843208968131250e+00
   6.5823397793867526e+00
   6.5842065467078932e+00
   6.5886687806912105e+00
   6.5879758995961311e+00
   6.5949790904824992e+00
   6.5890256371561611e+00
   6.5949853486424885e+00
   6.5800149803663626e+00
   6.5732934403288104e+00
   6.5892804928056954e+00
   6.6005446739734186e+00
   6.6185824168694278e+00
   6.6262554612352531e+00
   6.6331426568712306e+00
   6.6486444188190674e+00
   6.6526779763877704e+00
   6.6607305353414938e+00
   6.6652302041540059e+00
   6.6686633989990751e+00
   6.6738895879949194e+00
   6.6795475191389260e+00
   6.6757673593524274e+00
   6.6841364602268856e+00
   6.7165786971480976e+00
   6.7253528932521487e+00
   6.7299464933943955e+00
   6.7388285275128492e+00
   6.7330191139629187e+00
   6.7208727376841750e+00
   6.7154636731797863e+00
   6.6902190108503499e+00
   6.6855287815482729e+00
   6.6875533072779385e+00
   6.6842809624890558e+00
   6.6720734330903824e+00
   6.6713779629501628e+00
   6.6698193484580859e+00
   6.6702101105405474e+00
   6.6867073926752258e+00
   6.6940786538727144e+00
   6.6962692445887511e+00
   6.7122598654026771e+00
   6.7123680529631953e+00
   6.7287627183878698e+00
   6.7277575780140584e+00
   6.7332479176937481e+00
   6.7444370154355511e+00
   6.7416295067637835e+00
   6.7344788594380534e+00
   6.7272766160100064e+00
   6.7147043817422434e+00
   6.7109481591794440e+00
   6.7080425948873010e+00
   6.7026572930812129e+00
   6.7034948468757811e+00
   6.6994292946597325e+00
   6.6872007207726121e+00
   6.7075837601108477e+00
   6.7054283434286246e+00
   6.7086865037979964e+00
   6.7059155831997446e+00
   6.7201981165762961e+00
   6.7101788449636235e+00
   6.7104857921742447e+00
   6.7106381347219477e+00
   6.7032711220807233e+00
   6.7083933533541433e+00
   6.7079121177618228e+00
   6.7019594063559973e+00
   6.7028514079157873e+00
   6.7064519535051765e+00
   6.7061118266047490e+00
   6.7011807791748037e+00
   6.7101288511349066e+00
   6.7120525058431637e+00
   6.7194256466550772e+00
   6.7409764057058039e+00
   6.7763380105272937e+00
   6.7834189618415000e+00
   6.7931592817374389e+00
   6.8283578053206977e+00
   6.8484927881975963e+00
   6.8535544483973085e+00
   6.8602726636357394e+00
   6.8809741310351118e+00
   6.8951856117944095e+00
   6.9004123669132698e+00
   6.9167190030549506e+00
   6.9238352624316235e+00
   6.9229895734456006e+00
   6.9360562329201123e+00
   6.9445731315523407e+00
   6.9524358732341289e+00
   6.9565094834642425e+00
   6.9630579247986946e+00
   6.9681295166824802e+00
   6.9816108524759386e+00
   6.9889898037451834e+00
   6.9850871859702437e+00
   6.9951330561780276e+00
   7.0138347104789673e+00
   7.0120824598652050e+00
   7.0426070579521891e+00
   7.0437450059118536e+00
   7.0389801287138622e+00
   7.0273851252664725e+00
   7.0002309566986751e+00
   6.9924333451147298e+00
   6.9621014929634031e+00
   6.9546477944475464e+00
   6.9196350812313634e+00
   6.9019655104833930e+00
   6.8737346122350358e+00
   6.8026967807305212e+00
   6.7561324008654831e+00
   6.7277379972095028e+00
   6.6921685449847743e+00
   6.6811010951843572e+00
   6.6694882169081318e+00
   6.6659523434875245e+00
   6.6624986499814360e+00
   6.6628290435654645e+00
   6.6528618187350403e+00
   6.6575205343791284e+00
   6.6572355508735628e+00
   6.6590459945090368e+00
   6.6703316524057454e+00
   6.6747527460207632e+00
   6.6737438619285188e+00
   6.6745163822980720e+00
   6.6779871646824409e+00
   6.6761831293436131e+00
   6.6770804530541676e+00
   6.6839729736195066e+00
   6.6877206196203245e+00
   6.7029618099312982e+00
   6.7176017382833910e+00
   6.7267380784907429e+00
   6.7298903860040955e+00
   6.7412798948654382e+00
   6.7624281768680170e+00
   6.7785935735484646e+00
   6.7922739660281746e+00
   6.7959453520066351e+00
   6.8072969264311167e+00
   6.8274379085237165e+00
   6.8366932143864236e+00
   6.8451433877454688e+00
   6.8448192702941766e+00
   6.8463496093409031e+00
   6.8464051394619565e+00
   6.8475712698900164e+00
   6.8475769341914994e+00
   6.8505123931557179e+00
   6.8530058808727796e+00
   6.8665781013763478e+00
   6.8624238558926880e+00
   6.8667718076028201e+00
   6.8674630816649840e+00
   6.8675146141642003e+00
   6.8621953384331027e+00
   6.8613653844422462e+00
   6.8616011544019964e+00
   6.8421297390448164e+00
   6.8477743551131249e+00
   6.8542302324966569e+00
   6.8525497358967131e+00
   6.8539876704312199e+00
   6.8466678778794066e+00
   6.8385907146075082e+00
   6.8308907674018196e+00
   6.8063845181421589e+00
   6.7906955248166625e+00
   6.7881120257772549e+00
   6.7882643441113988e+00
   6.7810314731153030e+00
   6.7650764566043806e+00
   6.7454856441050906e+00
   6.7454240045679050e+00
   6.7454148935091283e+00
   6.7373587874503214e+00
   6.7157708598006840e+00
   6.7033917372493859e+00
   6.6952149512025478e+00
   6.6912459861273907e+00
   6.6732076728661704e+00
   6.6536407095966688e+00
   6.6283317720066810e+00
   6.6273900001173676e+00
   6.6312324851108322e+00
   6.6244140262536817e+00
   6.6214232271496138e+00
   6.6254476688378263e+00
   6.6249564032593096e+00
   6.6267055936129386e+00
   6.6147231962814246e+00
   6.6109680660458290e+00
   6.6182741164254004e+00
   6.6169828252843601e+00
   6.6141566373724467e+00
   6.6223090592894645e+00
   6.6314674919277339e+00
   6.6404955176224139e+00
   6.6537468590097149e+00
   6.6805799929774645e+00
   6.6946290545959268e+00
   6.7142573903551073e+00
   6.7297340745705183e+00
   6.7367864419436394e+00
   6.7563258651528244e+00
   6.7656268625103158e+00
   6.7717214867278672e+00
   6.7796165535286077e+00
   6.8027774815345978e+00
   6.8128233664000115e+00
   6.8209347834026399e+00
   6.8336934921324266e+00
   6.8359123291260131e+00
   6.8619021794292898e+00
   6.8641348874427237e+00
   6.8688897734132501e+00
   6.8766480932984440e+00
   6.8837086856926817e+00
   6.8931682384384345e+00
   6.9036524720123085e+00
   6.9127734609633560e+00
   6.9183202853197701e+00
   6.9179024877280435e+00
   6.9303508148664319e+00
   6.9363511661774577e+00
   6.9338742539055218e+00
   6.9367440218280407e+00
   6.9360267136018754e+00
   6.9225163774653549e+00
   6.9258183594895364e+00
   6.9223775890275148e+00
   6.9248349711688491e+00
   6.9260617181639201e+00
   6.9268129533660998e+00
   6.9219025839107928e+00
   6.9185532119350057e+00
   6.9118463974549762e+00
   6.9143267537379307e+00
   6.9166506003514465e+00
   6.9026106401144789e+00
   6.8956847630440565e+00
   6.8892453582722393e+00
   6.8940464869894429e+00
   6.8813719355553706e+00
   6.8696347773308686e+00
   6.8606412279989657e+00
   6.8364597312809021e+00
   6.8297368189667802e+00
   6.8247062097142317e+00
   6.8287597194366292e+00
   6.8329787929802421e+00
   6.8304367636138021e+00
   6.8315004704403313e+00
   6.8386113123946917e+00
   6.8422023632077877e+00
   6.8479055987328445e+00
   6.8547256290328047e+00
   6.8609395578418111e+00
   6.8291065073180981e+00
   6.8363489295432638e+00
   6.8413643144727798e+00
   6.8399602007379858e+00
   6.8553729363091023e+00
   6.8808967213674697e+00
   6.9016901821084966e+00
   6.9093438594749230e+00
   6.9304768107331123e+00
   6.9502022780411981e+00
   6.9672504141800893e+00
   6.9845730265126518e+00
   7.0048263596464881e+00
   7.0164932722656097e+00
   7.0128484780533942e+00
   6.9978440405498619e+00
   7.0115110106252656e+00
   7.0028578700498967e+00
   6.9987121700115207e+00
   6.9895113184276800e+00
   6.9724243469708558e+00
   6.9746393258024701e+00
   6.9881186661436416e+00
   6.9910326837546792e+00
   6.9994324395723764e+00
   6.9984286613260007e+00
   7.0091146468563519e+00
   7.0225931566065212e+00
   7.0285674236072309e+00
   7.0528780590076297e+00
   7.0585852572084011e+00
   7.0589771545199600e+00
   7.0521799721056722e+00
   7.0651247977312703e+00
   7.0413536784236674e+00
   7.0426328861792200e+00
   7.0382889050804831e+00
   7.0437479389546755e+00
   7.0426469799208951e+00
   7.0527586926237129e+00
   7.0542655618135930e+00
   7.0539074158987018e+00
   7.0617648886311635e+00
   7.0734259605352889e+00
   7.0824484985763130e+00
   7.0854567493877729e+00
   7.0873114614303434e+00
   7.0874622622135357e+00
   7.0924978085599104e+00
   7.0996608600919826e+00
   7.0935944970639762e+00
   7.1128607994684465e+00
   7.1190882409637908e+00
   7.1105559602051560e+00
   7.0869269520204092e+00
   7.1032229551978947e+00
   7.0990754725730696e+00
   7.0779711265242309e+00
   7.0701798112949064e+00
   7.0693883769563834e+00
   7.0657410408799661e+00
   7.0572543683052107e+00
   7.0619410472631401e+00
   7.0646120389669917e+00
   7.0630607785026820e+00
   7.0647283038779136e+00
   7.0812346347769193e+00
   7.0756940612595187e+00
   7.0766219077880752e+00
   7.0839224071013716e+00
   7.0883203214122945e+00
   7.0871896680924724e+00
   7.0835982381303042e+00
   7.0774591041371595e+00
   7.1028878412018015e+00
   7.1059030263875353e+00
   7.0934726322626132e+00
   7.0728666533012658e+00
   7.0728042487829734e+00
   7.0369303391747824e+00
   7.0360557994831998e+00
   7.0304735513460388e+00
   7.0246454749523393e+00
   7.0189614692908284e+00
   7.0449566830370713e+00
   7.0544391837572880e+00
   7.0534617760311518e+00
   7.0571333781444148e+00
   7.0600813221042884e+00
   7.0593752606542246e+00
   7.0642295492638159e+00
   7.0685222190727677e+00
   7.0696647606716194e+00
   7.0689539651648108e+00
   7.0701342646602852e+00
   7.0738259456466075e+00
   7.0686744358470648e+00
   7.0669736292822618e+00
   7.0702668338947134e+00
   7.0702138125355258e+00
   7.0749205065990539e+00
   7.0694033532869618e+00
   7.0677990869856266e+00
   7.0608282740010999e+00
   7.0566896909925534e+00
   7.0544753130596165e+00
   7.0606363497356703e+00
   7.0576003357437491e+00
   7.0618396610871086e+00
   7.0653460281460765e+00
   7.0640126275411408e+00
   7.0632193833218784e+00
   7.0512011896873039e+00
   7.0366745797390902e+00
   7.0281853976704172e+00
   7.0251204334814057e+00
   7.0149844217933897e+00
   6.9968224580427769e+00
   6.9833233751275126e+00
   6.9672473625595339e+00
   6.9618096978132993e+00
   6.9504612350255268e+00
   6.9360656144377426e+00
   6.9325597887985957e+00
   6.9234555533470106e+00
   6.9285864582465759e+00
   6.9282260766051875e+00
   6.9282127073188056e+00
   6.9285217236878092e+00
   6.9265822927848886e+00
   6.9275215078630987e+00
   6.9243617150829229e+00
   6.9135362234454414e+00
   6.9153417733111908e+00
   6.9049870892180598e+00
   6.9038872069331347e+00
   6.9000665445388512e+00
   6.9073531930488121e+00
   6.9050133181136486e+00
   6.9079718673121677e+00
   6.9047449827020992e+00
   6.9059336829883495e+00
   6.9024879607970915e+00
   6.9127295617666311e+00
   6.9073597005578824e+00
   6.9044994844783414e+00
   6.8974573588804686e+00
   6.8938151531463729e+00
   6.9000341631277005e+00
   6.9088468923134911e+00
   6.9228931381591643e+00
   6.9310509474843336e+00
   6.9364196859508827e+00
   6.9368813969921685e+00
   6.9382398690709950e+00
   6.9342805080706338e+00
   6.9293911368660561e+00
   6.9335240797969648e+00
   6.9381060448840115e+00
   6.9405130765630361e+00
   6.9533573191560869e+00
   6.9639792033817880e+00
   6.9778198319482287e+00
   6.9961858222787692e+00
   7.0180028680566711e+00
   7.0191458284489538e+00
   7.0303060437576450e+00
   7.0476133850885860e+00
   7.0640246440457339e+00
   7.0905775603666177e+00
   7.1062816417464454e+00
   7.1251680223717306e+00
   7.1331224680016678e+00
   7.1360952413816632e+00
   7.1439016265494342e+00
   7.1539982691511907e+00
   7.1563252521090215e+00
   7.1503571104278771e+00
   7.1674290998946191e+00
   7.1870327546235018e+00
   7.1846843920622820e+00
   7.1951223332320779e+00
   7.1851986718899443e+00
   7.1865727946800781e+00
   7.1976241634422067e+00
   7.2095778649147952e+00
   7.2121389666390314e+00
   7.2451193103966691e+00
   7.2633120992656153e+00
   7.2884840578479686e+00
   7.3029061172488685e+00
   7.3099813437797998e+00
   7.3296621998016098e+00
   7.3366224526214951e+00
   7.3479412237875819e+00
   7.3406650523277097e+00
   7.3529436918495517e+00
   7.3606438641617071e+00
   7.3698895638699966e+00
   7.3669291049404722e+00
   7.3680775769394513e+00
   7.3716654250242986e+00
   7.3745829589414349e+00
   7.3815571966384983e+00
   7.4006621106777351e+00
   7.4012458017264411e+00
   7.4056770223127559e+00
   7.4213764542963716e+00
   7.4226298137808522e+00
   7.4466568570845304e+00
   7.4541229677907364e+00
   7.4706857730095475e+00
   7.4813102247140346e+00
   7.4866413636934110e+00
   7.4857819165514305e+00
   7.4859783597564062e+00
   7.4874886168562504e+00
   7.4964601739345431e+00
   7.5084776006095648e+00
   7.5051749672964334e+00
   7.5094836127308700e+00
   7.5182993512839698e+00
   7.5242405317355967e+00
   7.5262238467635143e+00
   7.5230687313502456e+00
   7.5227883747740041e+00
   7.5175771093768695e+00
   7.5172407040666371e+00
   7.5236314545977381e+00
   7.5265891622642886e+00
   7.5399821060046852e+00
   7.5321837407641965e+00
   7.5273097570778882e+00
   7.5368499527896358e+00
   7.5345837076127591e+00
   7.5518950216774465e+00
   7.5926365324296929e+00
   7.6000086354745422e+00
   7.6185038211049649e+00
   7.6156745061093973e+00
   7.6290458455135637e+00
   7.6240202446315886e+00
   7.6072605098144397e+00
   7.6100766552011807e+00
   7.5949902755939416e+00
   7.5888841385259092e+00
   7.5901275398154811e+00
   7.5845759243711761e+00
   7.5643191524047175e+00
   7.5479156163385177e+00
   7.5376967570295541e+00
   7.5235935390760416e+00
   7.4993555600979613e+00
   7.4784525503084751e+00
   7.4771065415465259e+00
   7.4689319772793130e+00
   7.4652057703014520e+00
   7.4616933122489986e+00
   7.4710482275852366e+00
   7.4852776539736841e+00
   7.4843054751548648e+00
   7.4792950371374909e+00
   7.4683446789997951e+00
   7.4544163301501509e+00
   7.4395615896193323e+00
   7.4347832368801976e+00
   7.4197215155714193e+00
   7.4021369359416624e+00
   7.3900791816735323e+00
   7.3546778213505339e+00
   7.3436313784960294e+00
   7.3334503962132880e+00
   7.3321863914428000e+00
   7.3092678443366950e+00
   7.2981065800276674e+00
   7.2933915118439874e+00
   7.3014448562413028e+00
   7.2969634412456132e+00
   7.2875993822945997e+00
   7.2732494139221293e+00
   7.2771091031633901e+00
   7.2765503835482059e+00
   7.2606057807413782e+00
   7.2533510365917344e+00
   7.2471749133277985e+00
   7.2461347686616016e+00
   7.2412472170634823e+00
   7.2349191516866407e+00
   7.2292135294900577e+00
   7.2255273139721528e+00
   7.2210438286972840e+00
   7.1961000592262270e+00
   7.1909343476912406e+00
   7.1815376763649246e+00
   7.1735354374577458e+00
   7.1555250803669868e+00
   7.1516275743976951e+00
   7.1421024968893212e+00
   7.1351141286253243e+00
   7.1361237681103651e+00
   7.1435856743599908e+00
   7.1388335800295710e+00
   7.1282362069979559e+00
   7.1264455532719060e+00
   7.1176586775363999e+00
   7.1134395720842587e+00
   7.0996210944961291e+00
   7.0928120801088106e+00
   7.0901267503670784e+00
   7.0780316678132937e+00
   7.0731830007342076e+00
   7.0688148186814486e+00
   7.0741776739323514e+00
   7.0658687904439752e+00
   7.0288818411212901e+00
   7.0280986535809706e+00
   7.0284531829008348e+00
   7.0273206915998587e+00
   7.0196302085190112e+00
   7.0170453575057836e+00
   7.0102849903448989e+00
   7.0106867318731005e+00
   7.0035202097163358e+00
   6.9991661579037308e+00
   6.9704263538397413e+00
   6.9583246077693861e+00
   6.9475641761960789e+00
   6.9440716632324531e+00
   6.9422881898617010e+00
   6.9384754883105133e+00
   6.9339576969291317e+00
   6.9251819458603343e+00
   6.9286723070324108e+00
   6.9325917363468701e+00
   6.9366612189115040e+00
   6.9364954608203044e+00
   6.9427158474211819e+00
   6.9462772070214944e+00
   6.9482894517181517e+00
   6.9487724283019956e+00
   6.9454045572179863e+00
   6.9546488788032050e+00
   6.9626652830157898e+00
   6.9593261862605287e+00
   6.9621884014901738e+00
   6.9674912163080664e+00
   6.9759758065975523e+00
   7.0004391994762356e+00
   7.0052805974972499e+00
   7.0199444347792346e+00
   7.0350281337643876e+00
   7.0377655807421080e+00
   7.0472351593516214e+00
   7.0610704666469877e+00
   7.0631761546789242e+00
   7.0836226783620182e+00
   7.0870971779917635e+00
   7.0881616169457757e+00
   7.0888847533898742e+00
   7.0984320270933603e+00
   7.1084833792048290e+00
   7.1149318340105356e+00
   7.1169972765415359e+00
   7.1256014694929757e+00
   7.1436913503212844e+00
   7.1481127780684872e+00
   7.1493702498768252e+00
   7.1632666125258631e+00
   7.1760960941523866e+00
   7.1851265851208863e+00
   7.1833695102375863e+00
   7.1841396000817070e+00
   7.1927349511287364e+00
   7.1914552522478221e+00
   7.1976486560346542e+00
   7.1979966472739569e+00
   7.2054617682514417e+00
   7.2057604340414887e+00
   7.2281626077808934e+00
   7.2261583238643956e+00
   7.2455112027978936e+00
   7.2487677604845278e+00
   7.2466501730804538e+00
   7.2376584167329767e+00
   7.2384658500166923e+00
   7.2359038449664723e+00
   7.2379479999053924e+00
   7.2373996043150024e+00
   7.2432370690744001e+00
   7.2416434509406491e+00
   7.2249960785080196e+00
   7.2282843868070890e+00
   7.2356912007654950e+00
   7.2509948232870398e+00
   7.2515043608956988e+00
   7.2569340896813221e+00
   7.2618586274464256e+00
   7.2532583950209615e+00
   7.2538922940288595e+00
   7.2487383178964757e+00
   7.2342214077562561e+00
   7.2266822824114323e+00
   7.2118432526057656e+00
   7.1960465541026899e+00
   7.1798875421678794e+00
   7.1938997290390416e+00
   7.1827507642387509e+00
   7.1741618617610419e+00
   7.1574671527297991e+00
   7.1289116381096580e+00
   7.1139563939471362e+00
   7.0883397888187192e+00
   7.0873756031054294e+00
   7.0894855975727236e+00
   7.0869585289457762e+00
   7.0850776432978897e+00
   7.1001609084908637e+00
   7.1037076475212801e+00
   7.0871843319909091e+00
   7.0659987591881226e+00
   7.0670900359466158e+00
   7.0516200699226532e+00
   7.0663763357312837e+00
   7.0600284364740249e+00
   7.0428863067181942e+00
   7.0347768274447464e+00
   7.0244217228271939e+00
   6.9906568126697550e+00
   6.9716815334685522e+00
   6.9823046277891994e+00
   6.9638869404174963e+00
   6.9760999356842426e+00
   6.9663941407302090e+00
   6.9668873979964081e+00
   6.9700506883531546e+00
   6.9576496872619433e+00
   6.9502993658131205e+00
   6.9460943163801288e+00
   6.9259927776144030e+00
   6.9291805496872367e+00
   6.9220055942813365e+00
   6.9230184596077970e+00
   6.9162440739963076e+00
   6.9108233872510230e+00
   6.8927919932864281e+00
   6.8786743836325908e+00
   6.8770394190520419e+00
   6.8643321199094665e+00
   6.8564949421396078e+00
   6.8279847624301127e+00
   6.8259817661605737e+00
   6.8108200518592774e+00
   6.8025817710843617e+00
   6.7960041145729759e+00
   6.7898718263605424e+00
   6.7861526705050750e+00
   6.7781411071439690e+00
   6.7700051342641938e+00
   6.7578005918920718e+00
   6.7534339544724098e+00
   6.7461904452113188e+00
   6.7419794617412512e+00
   6.7352068609261666e+00
   6.7303861712635413e+00
   6.7258495154999052e+00
   6.7231298630915095e+00
   6.7288042540240021e+00
   6.7233313084723871e+00
   6.7237950989578179e+00
   6.7196982057875605e+00
   6.7003443749111149e+00
   6.6857381102292841e+00
   6.6969711127545528e+00
   6.6854331738230197e+00
   6.6767244009754050e+00
   6.6448460801909572e+00
   6.5952927944724706e+00
   6.5733481184260167e+00
   6.5407687494524369e+00
   6.5308301619419575e+00
   6.5209812274608341e+00
   6.5130965518511807e+00
   6.5182886243312979e+00
   6.5176084135393006e+00
   6.5127657366356502e+00
   6.4930803349031523e+00
   6.4767788846759435e+00
   6.4695046977660118e+00
   6.4743334723179329e+00
   6.4665366985614803e+00
   6.4600090091932758e+00
   6.4557582626646646e+00
   6.4609745328675849e+00
   6.4735948491171182e+00
   6.4740312680718706e+00
   6.4721969888833941e+00
   6.4530272183685726e+00
   6.4575323554717938e+00
   6.4351902005715145e+00
   6.4153268746543990e+00
   6.4310860087671822e+00
   6.4331962149662347e+00
   6.4225287682006149e+00
   6.4228550830609521e+00
   6.4242776950472429e+00
   6.4404497326510457e+00
   6.4441481499456073e+00
   6.4468261249839083e+00
   6.4629082403775397e+00
   6.4685085391285693e+00
   6.4696456649082732e+00
   6.4726702695723857e+00
   6.4817917842613015e+00
   6.4933044138216918e+00
   6.5085325037972304e+00
   6.5120769933808118e+00
   6.5088257633132658e+00
   6.5136680953957038e+00
   6.5261609954356645e+00
   6.5792612391470993e+00
   6.5915130171345453e+00
   6.6106771584378947e+00
   6.6230469221887915e+00
   6.6258496973942052e+00
   6.6364759463830012e+00
   6.6445794068445592e+00
   6.6516865558160800e+00
   6.6582721400697320e+00
   6.6658288357208582e+00
   6.6873476910980205e+00
   6.7044306503859463e+00
   6.7113416716002137e+00
   6.7193642185460671e+00
   6.7239016044334301e+00
   6.7294122825453409e+00
   6.7469029770587117e+00
   6.7789591005252801e+00
   6.7870993015353056e+00
   6.7944737355096407e+00
   6.8014088767600951e+00
   6.8050648411817640e+00
   6.8093227401101366e+00
   6.8095681083334467e+00
   6.8138399156813412e+00
   6.8148609361081771e+00
   6.8174044683552966e+00
   6.8223051414876634e+00
   6.8289786482087083e+00
   6.8248408384268426e+00
   6.8469017574769007e+00
   6.8495346633614647e+00
   6.8515749422602958e+00
   6.8448289955865196e+00
   6.8480068867458534e+00
   6.8496082522658064e+00
   6.8482460700449863e+00
   6.8494676752350214e+00
   6.8547204194245275e+00
   6.8593022897146509e+00
   6.8644744268678828e+00
   6.8693647525732366e+00
   6.8751341903987351e+00
   6.8890229160586687e+00
   6.9060143092859123e+00
   6.9108781444302201e+00
   6.9208119735127713e+00
   6.9364190749073540e+00
   6.9437844906176167e+00
   6.9617286957674329e+00
   6.9752709375416115e+00
   6.9787618367428745e+00
   6.9836492657030806e+00
   6.9938694449802803e+00
   7.0009691890765211e+00
   7.0019736456954345e+00
   7.0103866301369306e+00
   7.0398812061110911e+00
   7.0556376737682260e+00
   7.0621511674083939e+00
   7.0810957892818527e+00
   7.1162486889311394e+00
   7.1348248167942661e+00
   7.1508388376511469e+00
   7.1619765056299949e+00
   7.1680654703370621e+00
   7.1926707243415882e+00
   7.1910872965694876e+00
   7.1764426861352018e+00
   7.1820634044650147e+00
   7.1900633589307414e+00
   7.2025815160086397e+00
   7.2155585988431303e+00
   7.2165749955617526e+00
   7.2121848247266476e+00
   7.2147514230927072e+00
   7.2067769823409051e+00
   7.2166879961394095e+00
   7.2219683560571513e+00
   7.2243401477717484e+00
   7.2277516817129221e+00
   7.2247493282979125e+00
   7.2318409450236407e+00
   7.2293641510491273e+00
   7.2239249607979774e+00
   7.2168763351281173e+00
   7.2135732570011077e+00
   7.2114069478061325e+00
   7.1987536791631639e+00
   7.1843894009762046e+00
   7.1789826945994886e+00
   7.1763512644024106e+00
   7.1779909771274859e+00
   7.1736894446000274e+00
   7.1744930311598809e+00
   7.1712578425283091e+00
   7.1714593933272690e+00
   7.1632825141004819e+00
   7.1665371745481874e+00
   7.1564990537693349e+00
   7.1509782956364809e+00
   7.1332679448531993e+00
   7.1221700491972451e+00
   7.1247444286782589e+00
   7.1257487987217702e+00
   7.1253449214752367e+00
   7.1289927211922635e+00
   7.1347051493145495e+00
   7.1446468203816060e+00
   7.1626783859251528e+00
   7.1580813641847527e+00
   7.1629844463193839e+00
   7.1657917627495795e+00
   7.1734485248331925e+00
   7.1526328338062912e+00
   7.1564539050891787e+00
   7.1536699163886190e+00
   7.1539657536788539e+00
   7.1565822498111036e+00
   7.1562130992533062e+00
   7.1589665666593829e+00
   7.1791696636543065e+00
   7.1905211501248507e+00
   7.2002714968653363e+00
   7.2151777512248536e+00
   7.2238619071451806e+00
   7.2155036249034845e+00
   7.2305117650140787e+00
   7.2325728526434521e+00
   7.2323539921279076e+00
   7.2369520621390349e+00
   7.2376444592991414e+00
   7.2478197278257017e+00
   7.2458798128191653e+00
   7.2449604796863420e+00
   7.2421003342841628e+00
   7.2367843046017244e+00
   7.2270920619438392e+00
   7.2189504982115293e+00
   7.2197112518705477e+00
   7.2347208062330166e+00
   7.2530682574943164e+00
   7.2451643087612627e+00
   7.2474222534705186e+00
   7.2450527729770489e+00
   7.2420449991291207e+00
   7.2438784177260844e+00
   7.2440203911662042e+00
   7.2504925286692394e+00
   7.2559215839422846e+00
   7.2182971167795982e+00
   7.2043051745323829e+00
   7.1844709525670236e+00
   7.1645674275602378e+00
   7.1455667709637920e+00
   7.1282051443335002e+00
   7.1421309026750750e+00
   7.1429969371057007e+00
   7.1533293910328535e+00
   7.1608516922139520e+00
   7.1854490410088534e+00
   7.1915974978080301e+00
   7.1952616169140455e+00
   7.1998889279137464e+00
   7.2009433602785675e+00
   7.2032723872954119e+00
   7.2060524052064512e+00
   7.2043189428917085e+00
   7.2188189240318996e+00
   7.2254052415766390e+00
   7.2424425232024987e+00
   7.2600913643124567e+00
   7.2695905510120751e+00
   7.2888336942949268e+00
   7.2885439747187499e+00
   7.2918341571739775e+00
   7.2995391068712197e+00
   7.3084962157850786e+00
   7.3162122840955055e+00
   7.3244289595489125e+00
   7.3350427793047608e+00
   7.3421581111364738e+00
   7.3459827667353421e+00
   7.3502139990746569e+00
   7.3592754114104464e+00
   7.3753909564118407e+00
   7.3883337297133327e+00
   7.3898174611602547e+00
   7.3958035565261397e+00
   7.4106903292959156e+00
   7.4171338350091398e+00
   7.4146473526362895e+00
   7.4261180589650673e+00
   7.4185225939910273e+00
   7.4325838934423176e+00
   7.4460388262462622e+00
   7.4453515732543796e+00
   7.4524528119631706e+00
   7.4630106097308682e+00
   7.4728009247875038e+00
   7.4788477581154202e+00
   7.4671851379522822e+00
   7.4592848324134575e+00
   7.4507230931237247e+00
   7.4381502157803689e+00
   7.4341757438555147e+00
   7.4357744572839799e+00
   7.4310166589454516e+00
   7.4396098746759600e+00
   7.4297334708209801e+00
   7.4404974557179626e+00
   7.4461638592874113e+00
   7.4409902485746686e+00
   7.4350087174318702e+00
   7.4314996975975989e+00
   7.4238718288230503e+00
   7.4248395036494230e+00
   7.4243465358478256e+00
   7.4165962654616910e+00
   7.4051164391650151e+00
   7.4048809937012008e+00
   7.3906322245111005e+00
   7.3858633371608562e+00
   7.3878190601196838e+00
   7.3864191220895670e+00
   7.3859411837459676e+00
   7.3816522612757609e+00
   7.3795905948884934e+00
   7.3802585524397095e+00
   7.3678981937848684e+00
   7.3635492765915798e+00
   7.3616513325047483e+00
   7.3613786216295489e+00
   7.3508998047570415e+00
   7.3417170712009243e+00
   7.3236740608603252e+00
   7.3150148575018559e+00
   7.3062866401612707e+00
   7.3009397637236271e+00
   7.2859368364934687e+00
   7.2376310395560886e+00
   7.2193946012175401e+00
   7.1981329671228567e+00
   7.1866023568392636e+00
   7.1801357254626961e+00
   7.1696173309637423e+00
   7.1624512407608831e+00
   7.1645127792292511e+00
   7.1621925982475245e+00
   7.1580210589750095e+00
   7.1368735771656429e+00
   7.1240954094360180e+00
   7.1183909918118227e+00
   7.1129695142870037e+00
   7.1084409386240797e+00
   7.1225655893079285e+00
   7.1183886450115583e+00
   7.1228141254982473e+00
   7.1185018635423107e+00
   7.1214488497199442e+00
   7.1182887583345975e+00
   7.1198507510988120e+00
   7.1178551138347963e+00
   7.1294354244299853e+00
   7.1450794704139291e+00
   7.1659275886008302e+00
   7.1801076689688399e+00
   7.1919516332804498e+00
   7.1983381308692591e+00
   7.2052323061184254e+00
   7.1907196614089965e+00
   7.1919370756878429e+00
   7.1937114398080864e+00
   7.2038906555734483e+00
   7.2176281611749893e+00
   7.2283154741200599e+00
   7.2478596394011179e+00
   7.2651134057989291e+00
   7.2717216511466445e+00
   7.2783744478423555e+00
   7.3003655304783015e+00
   7.3086134109185688e+00
   7.3112075185641174e+00
   7.3097631745967755e+00
   7.3044083705620348e+00
   7.3045596988623549e+00
   7.2972206548193101e+00
   7.2866550434906587e+00
   7.2844402857842105e+00
   7.2694036973805423e+00
   7.2644340666934966e+00
   7.2674843663075279e+00
   7.2671157438643252e+00
   7.2519238288873531e+00
   7.2462250851673655e+00
   7.2404215431234089e+00
   7.2359608582931987e+00
   7.2039801920014765e+00
   7.1873114879257027e+00
   7.1720407405699671e+00
   7.1542718404149372e+00
   7.1156222833911684e+00
   7.0863134665718768e+00
   7.0596022145025366e+00
   7.0477321446266972e+00
   7.0395865929728503e+00
   7.0166834623353038e+00
   7.0130294852286648e+00
   7.0114676542905068e+00
   7.0013072444773501e+00
   6.9734431911968819e+00
   6.9457500407714301e+00
   6.9270370302735893e+00
   6.9186596282096327e+00
   6.9156381092489649e+00
   6.9135084855254272e+00
   6.9064757070507454e+00
   6.9037698887963188e+00
   6.9015259837116707e+00
   6.8961871659471967e+00
   6.8844240960134169e+00
   6.8791025170306179e+00
   6.8676414906980732e+00
   6.8732527788796176e+00
   6.8773286487020293e+00
   6.8735395509072523e+00
   6.8748385014789299e+00
   6.8818398867212398e+00
   6.8864495568519040e+00
   6.8992752048502251e+00
   6.9012210879773770e+00
   6.9031482166849099e+00
   6.9038235736136988e+00
   6.8953775992463351e+00
   6.8983717727074829e+00
   6.8978835620613248e+00
   6.8969837883119078e+00
   6.8955436835955597e+00
   6.8913506276785448e+00
   6.8784367214240447e+00
   6.8756965804652195e+00
   6.8802745759311046e+00
   6.8951762519554709e+00
   6.8944268055174005e+00
   6.8982593823213945e+00
   6.8919266426364327e+00
   6.8920385830081718e+00
   6.8894044349072843e+00
   6.8894196501897902e+00
   6.8628275260930467e+00
   6.8584396451719938e+00
   6.8602178939820249e+00
   6.8458215159602664e+00
   6.8313357652058855e+00
   6.8388375399611032e+00
   6.8349857354861348e+00
   6.8348766309191680e+00
   6.8345509830715567e+00
   6.8387104077717646e+00
   6.8424876662185499e+00
   6.8433193652677948e+00
   6.8338151464709673e+00
   6.8376732689519306e+00
   6.8407159294618785e+00
   6.8297946025004910e+00
   6.8359370930169696e+00
   6.8436362909370088e+00
   6.8434520037974629e+00
   6.8441665815177517e+00
   6.8493547840685842e+00
   6.8526136798920154e+00
   6.8584547125653117e+00
   6.8584348836979672e+00
   6.8709327723146156e+00
   6.8716499547705441e+00
   6.8844747341966777e+00
   6.8956051019566447e+00
   6.9048293632896289e+00
   6.9090673036100023e+00
   6.9069497968306610e+00
   6.8929305465233552e+00
   6.8800124266271521e+00
   6.8714066058988710e+00
   6.8515453373127322e+00
   6.8485221756193271e+00
   6.8465945826136467e+00
   6.8402456058305923e+00
   6.8369830440666757e+00
   6.8316865760649090e+00
   6.8298351557784418e+00
   6.8486485536570507e+00
   6.8530240080352796e+00
   6.8444417097524690e+00
   6.8618382035664984e+00
   6.8611205692231092e+00
   6.8720512720467344e+00
   6.8551104718753653e+00
   6.8611706695260990e+00
   6.8537921185896655e+00
   6.8446334489256246e+00
   6.8080039769809941e+00
   6.7968792390537143e+00
   6.7876475777672285e+00
   6.7718691491208212e+00
   6.7637643235238354e+00
   6.7556254155730171e+00
   6.7468993181137007e+00
   6.7367716998955407e+00
   6.7138545936815657e+00
   6.7069004176269962e+00
   6.6835842925945919e+00
   6.6588693745913190e+00
   6.6413357696105475e+00
   6.6138895680697880e+00
   6.6090091844245089e+00
   6.6024859104195546e+00
   6.5922972515565066e+00
   6.5873735075178548e+00
   6.5782213055296443e+00
   6.5723886521888257e+00
   6.5619778711412158e+00
   6.5545628717526636e+00
   6.5617878875037654e+00
   6.5572352415703499e+00
   6.5466981182502089e+00
   6.5295904937018259e+00
   6.5167439426516438e+00
   6.5135462230035932e+00
   6.5059808131702086e+00
   6.4909109543954644e+00
   6.4854401046249901e+00
   6.4924330103664403e+00
   6.4838075103457902e+00
   6.4761479523186765e+00
   6.4604747199734893e+00
   6.4545667869764403e+00
   6.4523243594233195e+00
   6.4456961576993193e+00
   6.4429880570679199e+00
   6.4391860571882242e+00
   6.4369504384843221e+00
   6.4401453443431942e+00
   6.4439558944411468e+00
   6.4503342910045793e+00
   6.4546466093440724e+00
   6.4501693285360071e+00
   6.4436463023501460e+00
   6.4354647099454141e+00
   6.4216031240917619e+00
   6.4228326311564574e+00
   6.4040251733936602e+00
   6.3917279239652487e+00
   6.3922609831620427e+00
   6.3883577017236375e+00
   6.3886863372368339e+00
   6.3920946517477129e+00
   6.3903313416666165e+00
   6.3808684634506756e+00
   6.3768237675322998e+00
   6.3853640845493649e+00
   6.3923213423651264e+00
   6.3885067043131478e+00
   6.3854521150415646e+00
   6.3985193101191946e+00
   6.4126542024230124e+00
   6.4173222144825814e+00
   6.4144557084750859e+00
   6.4273640664866800e+00
   6.4435020066100872e+00
   6.4555698775352157e+00
   6.4635706597469191e+00
   6.4682486635268610e+00
   6.4760101314846210e+00
   6.4903778439064732e+00
   6.5056221422951888e+00
   6.5104293490408471e+00
   6.5082047319359395e+00
   6.5107022661764908e+00
   6.5143555092612626e+00
   6.5271788962991915e+00
   6.5449805403300818e+00
   6.5536614312612871e+00
   6.5556037805176439e+00
   6.5683973272832032e+00
   6.5709375104744785e+00
   6.5709471589678312e+00
   6.5707959300036789e+00
   6.5635185703615964e+00
   6.5696505678292798e+00
   6.5767260210928749e+00
   6.5831898285472521e+00
   6.5877674444557748e+00
   6.6103395374508418e+00
   6.6103343600335540e+00
   6.6233225129727176e+00
   6.6163102436646071e+00
   6.6089775020520323e+00
   6.5717827732494047e+00
   6.5719769653536781e+00
   6.5628246940484631e+00
   6.5646704666835722e+00
   6.5597009286309813e+00
   6.5607654171174259e+00
   6.5487828759009847e+00
   6.5314084441500144e+00
   6.5105216294801478e+00
   6.4975644609430905e+00
   6.5060731369929083e+00
   6.5032466750352311e+00
   6.5105542656185360e+00
   6.5177655614928431e+00
   6.5356979972147347e+00
   6.5510413996709831e+00
   6.5923660869522633e+00
   6.5842184181016270e+00
   6.5800556458685335e+00
   6.5606643637364970e+00
   6.5502147809183731e+00
   6.5700558177220190e+00
   6.5741880024052852e+00
   6.5831442953060844e+00
   6.5745784459466456e+00
   6.5835205159427987e+00
   6.5949521299453640e+00
   6.6246417267137172e+00
   6.6460717852800713e+00
   6.6566866112276495e+00
   6.6700694883793048e+00
   6.6723495493528899e+00
   6.6707201526542024e+00
   6.6770680586239095e+00
   6.6822078423262106e+00
   6.6966249414748509e+00
   6.7018735196279007e+00
   6.7069883172016356e+00
   6.7257981471994999e+00
   6.7508851882924468e+00
   6.7700557062807070e+00
   6.7747313489925691e+00
   6.7935880122252446e+00
   6.7960213938001761e+00
   6.8118495105558834e+00
   6.8254724344749240e+00
   6.8349719442474779e+00
   6.8401989620989001e+00
   6.8439828691305165e+00
   6.8321934492425305e+00
   6.8220665248731507e+00
   6.8170245917497141e+00
   6.8176265063792876e+00
   6.8273268973578460e+00
   6.8270525107263538e+00
   6.8279939048736695e+00
   6.8256201290186631e+00
   6.8217625713086694e+00
   6.8238521990419718e+00
   6.8394612292040522e+00
   6.8365578961839608e+00
   6.8439255307169020e+00
   6.8518804099265793e+00
   6.8505152778546430e+00
   6.8538735941831943e+00
   6.8537203615731999e+00
   6.8449760710988166e+00
   6.8341637187166597e+00
   6.8295634535962764e+00
   6.8259676339716853e+00
   6.8183508137284079e+00
   6.8165302609605884e+00
   6.8066308354661338e+00
   6.8048108658446624e+00
   6.8138011197125392e+00
   6.8122287636273864e+00
   6.8149062149630550e+00
   6.8072553487535679e+00
   6.8064011932534330e+00
   6.8084430039932213e+00
   6.8064687506444335e+00
   6.7993582163759427e+00
   6.7974039256792018e+00
   6.8007180015683497e+00
   6.7942708892252810e+00
   6.7822566344248756e+00
   6.7793154045990009e+00
   6.7733197956495941e+00
   6.7748704991514224e+00
   6.7692464022454351e+00
   6.7628234170498436e+00
   6.7490190010718880e+00
   6.7453582721949443e+00
   6.7402157411251524e+00
   6.7351697621167554e+00
   6.7366759960039992e+00
   6.7291158662330917e+00
   6.7200391183497015e+00
   6.7110120186036095e+00
   6.7047562222930299e+00
   6.6944658125220808e+00
   6.6861887436855802e+00
   6.6740301838181386e+00
   6.6674614777507921e+00
   6.6558935771470233e+00
   6.6350921638578519e+00
   6.6208304084239495e+00
   6.6154892668448824e+00
   6.5891834676913463e+00
   6.5657592225398780e+00
   6.5420111047120901e+00
   6.5254291793472055e+00
   6.5168836830255783e+00
   6.5008065595662226e+00
   6.4906609772107347e+00
   6.4790360642714981e+00
   6.4573121236487729e+00
   6.4445533029555797e+00
   6.4167597210277254e+00
   6.3960139758918961e+00
   6.3695497046724228e+00
   6.3584868525539617e+00
   6.3450225769904316e+00
   6.3361608002813359e+00
   6.3134782942296388e+00
   6.3064473469736697e+00
   6.2984862658148275e+00
   6.2868522974378234e+00
   6.2806042482602704e+00
   6.2717624888230503e+00
   6.2639952183016518e+00
   6.2512020338123895e+00
   6.2394798152870727e+00
   6.2106580258546451e+00
   6.2054456411703125e+00
   6.2047983512365601e+00
   6.1825208467642030e+00
   6.1791403707040562e+00
   6.1670893287089621e+00
   6.1650946714699977e+00
   6.1432713366495095e+00
   6.1262363627298688e+00
   6.1243071544088483e+00
   6.1284101371366253e+00
   6.1312954755792157e+00
   6.1206805673816946e+00
   6.1248916162588491e+00
   6.1318017207051003e+00
   6.1376828255091782e+00
   6.1469965903718000e+00
   6.1463074493940297e+00
   6.1564735669460582e+00
   6.1631259681074599e+00
   6.1685995291177109e+00
   6.1730606836243833e+00
   6.1805286928967389e+00
   6.1969195325526325e+00
   6.2142895980144361e+00
   6.2273577207564097e+00
   6.2388874297347021e+00
   6.2421580224947126e+00
   6.2591170433087706e+00
   6.2718537522578757e+00
   6.3348943276814396e+00
   6.3581579841275477e+00
   6.3536958239004786e+00
   6.3788580287763335e+00
   6.4029785211086052e+00
   6.4363677882491928e+00
   6.4542823422569331e+00
   6.4788485744998612e+00
   6.4980875967568092e+00
   6.5030206648751099e+00
   6.5233439158344648e+00
   6.5438713727626183e+00
   6.5720395370501272e+00
   6.6048801627822114e+00
   6.6218813191750634e+00
   6.6387485423314221e+00
   6.6550809885325766e+00
   6.6678348338739539e+00
   6.6873008456735032e+00
   6.7059874388490552e+00
   6.7226069346368069e+00
   6.7318037092614063e+00
   6.7327177062522034e+00
   6.7353257787176188e+00
   6.7424761965506317e+00
   6.7543750083910190e+00
   6.7656411762083399e+00
   6.7888611602839397e+00
   6.8195455595520480e+00
   6.8710669427286319e+00
   6.8777922498494553e+00
   6.8813154906495919e+00
   6.8833291858948007e+00
   6.8904825946168540e+00
   6.8997190974277176e+00
   6.9171635215678329e+00
   6.9160841180379835e+00
   6.9282528209662928e+00
   6.9432763833964728e+00
   6.9479251589128461e+00
   6.9540686195848771e+00
   6.9632201168560197e+00
   6.9707602207236778e+00
   6.9646695633361126e+00
   6.9538405258670686e+00
   6.9537095811336824e+00
   6.9456765207434294e+00
   6.9295164574463728e+00
   6.9143961522998296e+00
   6.9067437067026711e+00
   6.9049753047726146e+00
   6.8999289571348070e+00
   6.8868206454958347e+00
   6.8776501839629631e+00
   6.8662550786079297e+00
   6.8671856198153023e+00
   6.8753116799322669e+00
   6.8784413927474031e+00
   6.8762957752646505e+00
   6.8719312113934068e+00
   6.8541968099487889e+00
   6.8482225898750508e+00
   6.8439136910909264e+00
   6.8292873066067656e+00
   6.8182568494907541e+00
   6.8102663296021548e+00
   6.8082196369790502e+00
   6.8119129378896410e+00
   6.8020865320887500e+00
   6.7979749466918671e+00
   6.7892099877491825e+00
   6.7882287586262473e+00
   6.7744817271668847e+00
   6.7699403542470620e+00
   6.7541411498917183e+00
   6.7418099675979484e+00
   6.7343692326141555e+00
   6.7329992372669407e+00
   6.7301473917911663e+00
   6.7314742479571175e+00
   6.7233061957372957e+00
   6.7149556376979120e+00
   6.7098489202377252e+00
   6.7099889786820563e+00
   6.7031971360421965e+00
   6.6980575204019432e+00
   6.6918335389480559e+00
   6.6723518276814504e+00
   6.6630591242166135e+00
   6.6459414160835566e+00
   6.6336898126204904e+00
   6.6069255655685017e+00
   6.5816498851822089e+00
   6.5310128920004376e+00
   6.5222253058080621e+00
   6.5136295475836281e+00
   6.5141691575481993e+00
   6.5024027037486452e+00
   6.4680413030053101e+00
   6.4570619851238193e+00
   6.4190276066891911e+00
   6.4165622806565530e+00
   6.4029533294949541e+00
   6.3859265592966468e+00
   6.3480498057458972e+00
   6.3323672166688976e+00
   6.3285445462615222e+00
   6.3113862562240568e+00
   6.3159244162635773e+00
   6.3133892199339980e+00
   6.3003872592303578e+00
   6.2918421814145553e+00
   6.2753533920657931e+00
   6.2720278832480485e+00
   6.2603438781491754e+00
   6.2433550318738531e+00
   6.2078183960452895e+00
   6.1844345006928751e+00
   6.1804593915152761e+00
   6.1680287234501323e+00
   6.1722024852151565e+00
   6.1696213983065240e+00
   6.1632583879148584e+00
   6.1605755096456782e+00
   6.1576713615093466e+00
   6.1557771453661063e+00
   6.1674881552114771e+00
   6.1696762092928621e+00
   6.1643061807316979e+00
   6.1633784369673039e+00
   6.1582507583717048e+00
   6.1546048652043455e+00
   6.1565544290761984e+00
   6.1618789316782392e+00
   6.1608488227775995e+00
   6.1542466153353805e+00
   6.1388703171975925e+00
   6.1407619305457590e+00
   6.1295140583278327e+00
   6.1232242407465458e+00
   6.1284418809416117e+00
   6.1269687928865135e+00
   6.1452133802365978e+00
   6.1489641919891564e+00
   6.1623546027154337e+00
   6.1823596769310676e+00
   6.1879554861680122e+00
   6.2024054725304447e+00
   6.2102395658813938e+00
   6.2366682455768556e+00
   6.2437679801944554e+00
   6.2487491910422772e+00
   6.2564431726176908e+00
   6.2659954691306154e+00
   6.2796834581706209e+00
   6.2836347269322799e+00
   6.2810712295496369e+00
   6.2922074535083397e+00
   6.3052461296535185e+00
   6.3137743314090615e+00
   6.3168888576264184e+00
   6.3233037366197644e+00
   6.3445085759976836e+00
   6.3827745038491921e+00
   6.3915769765922379e+00
   6.3929195733553472e+00
   6.4221946160997634e+00
   6.4298591103476195e+00
   6.4452353903468014e+00
   6.4726606378749176e+00
   6.4814444200416803e+00
   6.4851456896649964e+00
   6.5031914122784293e+00
   6.5081415016539026e+00
   6.5106605469193060e+00
   6.5243665706824565e+00
   6.5417011916439334e+00
   6.5609508401867744e+00
   6.5678363127868336e+00
   6.5893483659190961e+00
   6.6065530094334068e+00
   6.6256912290429772e+00
   6.6525858117909040e+00
   6.6610910318173273e+00
   6.6691665929879651e+00
   6.6795099310417951e+00
   6.7064221232264138e+00
   6.7205815214450491e+00
   6.7367638853997773e+00
   6.7752179476916563e+00
   6.8175245667361972e+00
   6.8278772323762347e+00
   6.8505030741074959e+00
   6.8787668421418315e+00
   6.9031213586881410e+00
   6.9306208957979241e+00
   6.9479597151808949e+00
   6.9713795403020846e+00
   6.9873739075729011e+00
   7.0117697125997802e+00
   7.0375340524263272e+00
   7.0695147155737219e+00
   7.0929542075409433e+00
   7.1223912629529282e+00
   7.1508868285726184e+00
   7.1779692984876826e+00
   7.1915187411204586e+00
   7.2090716210976300e+00
   7.2351479575675812e+00
   7.2489091535129599e+00
   7.2647269804910719e+00
   7.2700214836265769e+00
   7.2768154675814793e+00
   7.2817757796115208e+00
   7.2810728779764418e+00
   7.2852756876530274e+00
   7.2933518250508369e+00
   7.2953517045297280e+00
   7.3019740368548076e+00
   7.3015670154818899e+00
   7.2985676829564650e+00
   7.2998052761526901e+00
   7.2986356640105496e+00
   7.2919706776519089e+00
   7.2896739138423055e+00
   7.2885444312915837e+00
   7.2831749583493943e+00
   7.3047666647173832e+00
   7.3051630926590105e+00
   7.3014792486831759e+00
   7.3046184977322479e+00
   7.2996451332854102e+00
   7.2929505771953700e+00
   7.2806556833136433e+00
   7.2622459585949422e+00
   7.2505180405867149e+00
   7.2388562788483766e+00
   7.2311681460557260e+00
   7.2182104099951747e+00
   7.2054773096239177e+00
   7.1507994478609831e+00
   7.1277815864837724e+00
   7.1156027834489288e+00
   7.0938247622981541e+00
   7.0769144713352645e+00
   7.0476853462440685e+00
   7.0329116851657494e+00
   7.0073264982513868e+00
   6.9922432455901262e+00
   6.9846385213204059e+00
   6.9736354458681609e+00
   6.9538954616709061e+00
   6.9373106965916209e+00
   6.9098578034971387e+00
   6.8913981050569513e+00
   6.8799665047469514e+00
   6.8798487341643879e+00
   6.8687680355464167e+00
   6.8664924120515805e+00
   6.8525453704854504e+00
   6.8364424732566063e+00
   6.8360371723826212e+00
   6.8362240277622144e+00
   6.8297883978734140e+00
   6.8223103076478191e+00
   6.8137089492185696e+00
   6.8067039726298448e+00
   6.7894977249700856e+00
   6.7591256157200608e+00
   6.7129417032165684e+00
   6.7157962556206883e+00
   6.7156083509430067e+00
   6.7169065573956432e+00
   6.7136154446767318e+00
   6.7029496761322127e+00
   6.6818439695292922e+00
   6.6811376002496381e+00
   6.6739186259473335e+00
   6.6581966134182489e+00
   6.6427093169417635e+00
   6.6254585278537457e+00
   6.6176672238473353e+00
   6.6106532307677339e+00
   6.6062899807895219e+00
   6.5997999666714273e+00
   6.5940384347890326e+00
   6.5935107667495645e+00
   6.5905921302717489e+00
   6.5845817417851649e+00
   6.5804036592498010e+00
   6.5752218856165259e+00
   6.5762486436140497e+00
   6.5752821752889981e+00
   6.5760383367172084e+00
   6.5824794968871494e+00
   6.5793258643675800e+00
   6.5741980386032086e+00
   6.5792276189109140e+00
   6.5907394561406383e+00
   6.5837689481399080e+00
   6.5908495452938620e+00
   6.5949468037524976e+00
   6.6034857961189708e+00
   6.6068646204091594e+00
   6.6116047769509194e+00
   6.6224067694875357e+00
   6.6288095074929574e+00
   6.6246155435795018e+00
   6.6255954038180169e+00
   6.6262015234582030e+00
   6.6265764103009683e+00
   6.6202116185445776e+00
   6.6310478288545882e+00
   6.6568583653546947e+00
   6.6774586725770311e+00
   6.6830729530045732e+00
   6.6861645105759253e+00
   6.6871596115052352e+00
   6.6961443207191316e+00
   6.6930493791456849e+00
   6.6999926009561248e+00
   6.7031257252802510e+00
   6.7168714616994203e+00
   6.7193748782239924e+00
   6.7247654537310497e+00
   6.7292734603929594e+00
   6.7480049601537049e+00
   6.7477462921796230e+00
   6.7548745602877833e+00
   6.7636263641757211e+00
   6.7770395995527934e+00
   6.7817316826716825e+00
   6.7938193226090924e+00
   6.7992405253031079e+00
   6.7981187879207958e+00
   6.8116021977490355e+00
   6.8158672175440138e+00
   6.8279720168218798e+00
   6.8355287250619829e+00
   6.8551031666791618e+00
   6.8896966933864467e+00
   6.8970077102534368e+00
   6.9039835016524993e+00
   6.9235120888262385e+00
   6.9368506457319388e+00
   6.9425701120743035e+00
   6.9762978254316970e+00
   6.9834305653668158e+00
   6.9924543192776039e+00
   6.9970003011825197e+00
   7.0041121919195222e+00
   7.0076360392251837e+00
   7.0094579536386750e+00
   7.0213821098967264e+00
   7.0407838637050917e+00
   7.0519295887343505e+00
   7.0640886994785781e+00
   7.0711578213500861e+00
   7.0782552281130418e+00
   7.0964265044797585e+00
   7.0927832819138752e+00
   7.1002197965605500e+00
   7.1131115032929317e+00
   7.1161485083391423e+00
   7.1283290140246098e+00
   7.1644144734616741e+00
   7.1838818851754702e+00
   7.2171405466353056e+00
   7.2629531294835701e+00
   7.2784612503108352e+00
   7.3172307230515727e+00
   7.3387127647285766e+00
   7.3694426333224152e+00
   7.3923111672264978e+00
   7.4000065563289308e+00
   7.4171591759331745e+00
   7.4403447800660851e+00
   7.4537037253823897e+00
   7.4718395393867389e+00
   7.4793041482280183e+00
   7.4940201369591311e+00
   7.5075301962864742e+00
   7.5051191459765914e+00
   7.5149136789332207e+00
   7.5304308337288699e+00
   7.5417442475166299e+00
   7.5496881738777493e+00
   7.5544580137531492e+00
   7.5588740242098620e+00
   7.5477174161405456e+00
   7.5444320498424498e+00
   7.5322315513184588e+00
   7.5296438003425941e+00
   7.5249805213397476e+00
   7.5213585338542144e+00
   7.5240445763953856e+00
   7.5208837770685086e+00
   7.5163060443350647e+00
   7.5092130426260635e+00
   7.5020014681815583e+00
   7.4990927893911810e+00
   7.4944349185126802e+00
   7.4781259647355816e+00
   7.4509741452300338e+00
   7.4436132584899566e+00
   7.4443493868411927e+00
   7.4190877454698478e+00
   7.4168886812951627e+00
   7.4081009895646313e+00
   7.3897943745154784e+00
   7.3860802073458309e+00
   7.3791356593522037e+00
   7.3704985440813964e+00
   7.3697830190792306e+00
   7.3696855675750221e+00
   7.3695221684602954e+00
   7.3623136640427553e+00
   7.3490703941849631e+00
   7.3433515264990676e+00
   7.3293175802279782e+00
   7.3146577191152309e+00
   7.3025940878311664e+00
   7.2881420991343706e+00
   7.2790417308596842e+00
   7.2720852641988269e+00
   7.2675186924018780e+00
   7.2464498975618827e+00
   7.2363417356402060e+00
   7.2247452338807454e+00
   7.2011057855815563e+00
   7.1750259734591459e+00
   7.1658847222318762e+00
   7.1497845804263616e+00
   7.1307368128525290e+00
   7.1114280437803883e+00
   7.0934893061817981e+00
   7.0941636193390956e+00
   7.0856843866542008e+00
   7.0776742221670643e+00
   7.0662554416687069e+00
   7.0482461145470232e+00
   7.0341444324235969e+00
   7.0198764174654631e+00
   6.9957013478843031e+00
   6.9809453255937477e+00
   6.9678918920810782e+00
   6.9716290083714840e+00
   6.9658163995755036e+00
   6.9456514506559746e+00
   6.9466346264947667e+00
   6.9346236597139148e+00
   6.9276589942482225e+00
   6.9259675872720852e+00
   6.9263623647476189e+00
   6.9272414576253318e+00
   6.9334683072008270e+00
   6.9382646620174580e+00
   6.9403207953656505e+00
   6.9416086622991768e+00
   6.9482712514087286e+00
   6.9491397943860829e+00
   6.9519034225608456e+00
   6.9616702355396187e+00
   6.9714035214988463e+00
   6.9851789265750410e+00
   6.9832627419835793e+00
   6.9885433623960598e+00
   6.9715772306673980e+00
   6.9732669562015515e+00
   6.9745094900942144e+00
   6.9701262592724289e+00
   6.9713542924685763e+00
   6.9754020885280132e+00
   6.9888884985898185e+00
   7.0011816737943091e+00
   7.0086428359221564e+00
   7.0177410509456228e+00
   7.0227425042897886e+00
   7.0218261293400701e+00
   7.0232633559641213e+00
   7.0186097520374302e+00
   7.0214081053549355e+00
   7.0272310516815093e+00
   7.0264222180843952e+00
   7.0287308213378683e+00
   7.0396488206958745e+00
   7.0378292503996400e+00
   7.0354192651841858e+00
   7.0358446485806176e+00
   7.0434094978660822e+00
   7.0291106594705175e+00
   7.0297415762861721e+00
   7.0270243400700814e+00
   7.0279999969459679e+00
   7.0283888228031604e+00
   7.0203958674860916e+00
   7.0095805104547866e+00
   7.0181728097459297e+00
   7.0075816271639715e+00
   7.0017545472728004e+00
   7.0092050040528688e+00
   7.0081941705449893e+00
   7.0374093835298206e+00
   7.0385555256728578e+00
   7.0382004737657953e+00
   7.0359771691392785e+00
   7.0391238747924643e+00
   7.0460440523447971e+00
   7.0617978696256332e+00
   7.0576545653121636e+00
   7.0575602173785814e+00
   7.0673278715850314e+00
   7.0780943206842633e+00
   7.0903011404839731e+00
   7.0936621375806075e+00
   7.1019323774001482e+00
   7.1220607734748276e+00
   7.1307068543237841e+00
   7.1405981074302929e+00
   7.1564704083577109e+00
   7.1729103254201236e+00
   7.1884383422018052e+00
   7.1914982814004134e+00
   7.2112434670088987e+00
   7.2418919073804346e+00
   7.2497220673592890e+00
   7.2751223539105485e+00
   7.2944342976002927e+00
   7.3122065339394160e+00
   7.3308735655156809e+00
   7.3472688238211932e+00
   7.3564392515676529e+00
   7.3684707297196921e+00
   7.3753488262904696e+00
   7.3755891357209116e+00
   7.3838012773956692e+00
   7.4188343511121388e+00
   7.4194422680308527e+00
   7.4316072879021755e+00
   7.4548145905141503e+00
   7.4554954891046386e+00
   7.4562521738108885e+00
   7.4622968857660199e+00
   7.4684558975841613e+00
   7.4716503220336250e+00
   7.4716412583027871e+00
   7.4780282418921216e+00
   7.4799849246236221e+00
   7.4799791220866139e+00
   7.4738899131426875e+00
   7.4762112334030135e+00
   7.4827622831007519e+00
   7.4660517048667279e+00
   7.4470486288796502e+00
   7.4336549934894665e+00
   7.4395041057501743e+00
   7.4516594148873150e+00
   7.4646821403235863e+00
   7.4577607254513580e+00
   7.4622080748761350e+00
   7.4595213335661805e+00
   7.4570227729340948e+00
   7.4458456547907232e+00
   7.4372905239477376e+00
   7.4332799878323144e+00
   7.4308677234597065e+00
   7.4190311241118136e+00
   7.4155334480932655e+00
   7.4137002090521849e+00
   7.4084818657839859e+00
   7.3989486747072402e+00
   7.3971301230122704e+00
   7.3894716797605868e+00
   7.3833475725131752e+00
   7.3815264116614081e+00
   7.3695201992871633e+00
   7.3651454241590084e+00
   7.3560590179594998e+00
   7.3497549770817203e+00
   7.3300027148820375e+00
   7.3017302213675741e+00
   7.2928560896910568e+00
   7.2812039282610455e+00
   7.2591445229129876e+00
   7.2440072578435393e+00
   7.2293570670668323e+00
   7.1948404971584710e+00
   7.1860905857718977e+00
   7.1667854874119872e+00
   7.1719664553749150e+00
   7.1901179602349607e+00
   7.1845805783302836e+00
   7.1787721097143082e+00
   7.1676790392658116e+00
   7.1513964232778795e+00
   7.1392133802167423e+00
   7.1275993039713796e+00
   7.1231888628321594e+00
   7.1142087524664976e+00
   7.0919420745797535e+00
   7.0846560342856613e+00
   7.0629788296550622e+00
   7.0454317097842472e+00
   7.0363539342779662e+00
   7.0174503979056748e+00
   6.9809235371770777e+00
   6.9577390275415114e+00
   6.9171982056110712e+00
   6.8713221937741906e+00
   6.8497441963631704e+00
   6.8035764888228476e+00
   6.7792388964404902e+00
   6.7427113604265685e+00
   6.7171692334106146e+00
   6.7092196682786209e+00
   6.6874117456763740e+00
   6.6618997659420831e+00
   6.6368569986430375e+00
   6.6154096407476732e+00
   6.6005246037665639e+00
   6.5870857324753693e+00
   6.5651695200082214e+00
   6.5469424853528686e+00
   6.5328785765729380e+00
   6.5020374068127689e+00
   6.4742594723060369e+00
   6.4622576922057480e+00
   6.4511779119526125e+00
   6.4483612255248524e+00
   6.4425634566824685e+00
   6.4376605303443153e+00
   6.4384058545608553e+00
   6.4306694891287917e+00
   6.4267336888136102e+00
   6.4210303378133808e+00
   6.4287474503885118e+00
   6.4319892441993778e+00
   6.4283187347417856e+00
   6.4374723241300673e+00
   6.4500125954407270e+00
   6.4494955502323830e+00
   6.4448531587089244e+00
   6.4442106588379584e+00
   6.4547042089655662e+00
   6.4572553248701414e+00
   6.4627093363644228e+00
   6.4704401821486996e+00
   6.4716199600091668e+00
   6.4883802691793919e+00
   6.4888102540252488e+00
   6.4853002477113080e+00
   6.4891804088597196e+00
   6.4802129251776943e+00
   6.4783292358083999e+00
   6.4798605148304027e+00
   6.4685743617341007e+00
   6.4623014295410757e+00
   6.4667381013632212e+00
   6.4656182083273190e+00
   6.4686377706192433e+00
   6.4698629122968123e+00
   6.4670636066095275e+00
   6.4617993737341450e+00
   6.4673345619311000e+00
   6.4687321193584699e+00
   6.4662149341530277e+00
   6.4716337008375477e+00
   6.4733338816255355e+00
   6.4749052060219379e+00
   6.4886079343911591e+00
   6.4910658472464675e+00
   6.4942443058249975e+00
   6.5037623902164308e+00
   6.5011970776851244e+00
   6.5072570558598848e+00
   6.5197361386060209e+00
   6.5152593016810894e+00
   6.5244643597988006e+00
   6.5287593020653611e+00
   6.5305702032638528e+00
   6.5323056513184969e+00
   6.5176770643556532e+00
   6.5174133175006217e+00
   6.5184904438784965e+00
   6.5115545755317195e+00
   6.5147927528037197e+00
   6.5110027887560049e+00
   6.5207961015355034e+00
   6.5454726210280549e+00
   6.5587107355226921e+00
   6.5769698826147991e+00
   6.5997704312502572e+00
   6.6012217421301953e+00
   6.6051173413740170e+00
   6.6042320342531013e+00
   6.6189619329574700e+00
   6.6305758595348889e+00
   6.6514816963926222e+00
   6.6690453039492343e+00
   6.6947586660172220e+00
   6.7179225262755420e+00
   6.7258666958796303e+00
   6.7314329140469527e+00
   6.7319615780708624e+00
   6.7231160999885526e+00
   6.7292683899700378e+00
   6.7318906411187536e+00
   6.7413778378986011e+00
   6.7402952754893377e+00
   6.7487806820600351e+00
   6.7599242892073237e+00
   6.7787400409186915e+00
   6.7880051505965264e+00
   6.7822590030475203e+00
   6.7914181587786997e+00
   6.8014763786458063e+00
   6.8024811747814899e+00
   6.8077709817167475e+00
   6.8236387670769476e+00
   6.8300608671266598e+00
   6.8357630477733879e+00
   6.8394355838202463e+00
   6.8496378742832267e+00
   6.8534696076737065e+00
   6.8640278639423897e+00
   6.8601662493535382e+00
   6.8636022372149572e+00
   6.8738752832474272e+00
   6.8817793721829439e+00
   6.8850124982820642e+00
   6.8949358931292073e+00
   6.8953853464966066e+00
   6.8921543111968937e+00
   6.8924256207855334e+00
   6.9015233258939164e+00
   6.9059191782071325e+00
   6.9047664689714852e+00
   6.8904296291885041e+00
   6.8841142399717725e+00
   6.8808322204645167e+00
   6.8714892555064244e+00
   6.8616865098516833e+00
   6.8305721917113873e+00
   6.8313036511158707e+00
   6.8262731383923674e+00
   6.8367093061954627e+00
   6.8366232478583218e+00
   6.8337023351505186e+00
   6.8358846063349139e+00
   6.8342151091611152e+00
   6.8320051283381238e+00
   6.8278571212110029e+00
   6.8341531907557540e+00
   6.8198872289816510e+00
   6.8110824744097602e+00
   6.8032361965436454e+00
   6.7799348592478017e+00
   6.7630464469076950e+00
   6.7555202471749709e+00
   6.7423004935581119e+00
   6.7236758738319207e+00
   6.7082483606636440e+00
   6.7020232287839425e+00
   6.6899838644393386e+00
   6.6605739105989388e+00
   6.6512786948308928e+00
   6.6424374042295069e+00
   6.6328781924573370e+00
   6.6270737409377896e+00
   6.6141585774973688e+00
   6.6003996761584895e+00
   6.5894170918951618e+00
   6.5774770870003714e+00
   6.5723258584924160e+00
   6.5694650159373111e+00
   6.5608061534875981e+00
   6.5275335979054505e+00
   6.5256219703041003e+00
   6.5052189692443516e+00
   6.4954184760359057e+00
   6.4938721619559558e+00
   6.5060813128112063e+00
   6.5053662721177954e+00
   6.5227001558337783e+00
   6.5251562514860737e+00
   6.5292667513113409e+00
   6.5414347695884549e+00
   6.5395406249197929e+00
   6.5611428214130170e+00
   6.5927095365164199e+00
   6.6137539621347914e+00
   6.6232934414772897e+00
   6.6407917917859853e+00
   6.6557455658464182e+00
   6.6689819428987738e+00
   6.6686117220411303e+00
   6.6602039055846962e+00
   6.6549738173666677e+00
   6.6692574202576793e+00
   6.6686821705237085e+00
   6.6704172405560387e+00
   6.6814293738705839e+00
   6.6898956297971619e+00
   6.7033010576265513e+00
   6.7357820945223423e+00
   6.7448433890661335e+00
   6.7569873170798678e+00
   6.7852002951332366e+00
   6.7975055049867690e+00
   6.8155833830936592e+00
   6.8302430513592531e+00
   6.8371766530511540e+00
   6.8606869004901609e+00
   6.8811768262720125e+00
   6.8964155515942185e+00
   6.9108964093339535e+00
   6.9197934411302002e+00
   6.9518897610362744e+00
   6.9737683380025492e+00
   6.9817195567142427e+00
   6.9984684754078694e+00
   7.0018945036271409e+00
   7.0203938636191685e+00
   7.0468439471191431e+00
   7.0718460297130141e+00
   7.0760852723805545e+00
   7.0872457986695592e+00
   7.0986430298849763e+00
   7.1031226185702883e+00
   7.0969500928669280e+00
   7.0715364401249188e+00
   7.0838808776441775e+00
   7.0924156604384043e+00
   7.1015349149365541e+00
   7.1088323308827048e+00
   7.1188994423388809e+00
   7.1359059085816314e+00
   7.1434452774422521e+00
   7.1549122224003296e+00
   7.1706208818296222e+00
   7.2373888745549895e+00
   7.2732836624156265e+00
   7.2804948204966147e+00
   7.2875663625430835e+00
   7.2999661702270888e+00
   7.3057528984847018e+00
   7.3110351743421687e+00
   7.3180084900552425e+00
   7.3294417069614290e+00
   7.3457399202639122e+00
   7.3584921639801202e+00
   7.3678720706779393e+00
   7.3713451656880267e+00
   7.3826841290030965e+00
   7.3976257749826901e+00
   7.4069042189375569e+00
   7.4106735499539074e+00
   7.4300173754587613e+00
   7.4329204366004751e+00
   7.4561797550352518e+00
   7.4625487524158132e+00
   7.4792280626288141e+00
   7.4938757963436737e+00
   7.5204456271009947e+00
   7.5351869103759475e+00
   7.5422453384066008e+00
   7.5494436409423251e+00
   7.5649507293959584e+00
   7.5554044958835984e+00
   7.5529099770093922e+00
   7.5563929345870990e+00
   7.5589351371689419e+00
   7.5570873364211462e+00
   7.5682162240322617e+00
   7.5678236576129922e+00
   7.5529103451527080e+00
   7.5572057948385902e+00
   7.5599205640339537e+00
   7.5516980838076577e+00
   7.5382438409005923e+00
   7.5516700962547452e+00
   7.5580635403295897e+00
   7.5708437351241296e+00
   7.5723088512644976e+00
   7.5787800588077037e+00
   7.5743200313794521e+00
   7.5982044614915756e+00
   7.5940383240966645e+00
   7.5803445883892682e+00
   7.5756002386980432e+00
   7.5854040631576485e+00
   7.5860018065201382e+00
   7.5885940571121671e+00
   7.5981755147632972e+00
   7.5964812407883224e+00
   7.5989978221784220e+00
   7.6004146439582332e+00
   7.6021229073786243e+00
   7.6086838454839505e+00
   7.6058828851763005e+00
   7.6226586045254168e+00
   7.6569850661204475e+00
   7.6771321559685104e+00
   7.6894104437284216e+00
   7.7143977319823867e+00
   7.7392627722570060e+00
   7.7516699939081315e+00
   7.7635765296414787e+00
   7.7635299308047880e+00
   7.7463319610821930e+00
   7.7412931960058833e+00
   7.7395034731611831e+00
   7.7324365446566601e+00
   7.7370010595796161e+00
   7.7441796311378290e+00
   7.7312746455176704e+00
   7.7253978333652693e+00
   7.7096512448802939e+00
   7.7080806933124490e+00
   7.7064011378585091e+00
   7.7073697684952887e+00
   7.7167601032712900e+00
   7.7132894688274298e+00
   7.7158296152004935e+00
   7.7210410372218021e+00
   7.7179438471757527e+00
   7.7151557294630946e+00
   7.7032326006629530e+00
   7.6868387407483940e+00
   7.6732713454861505e+00
   7.6638497834769943e+00
   7.6484259164011839e+00
   7.6484114144869837e+00
   7.6499684231318570e+00
   7.6538135928457702e+00
   7.6336670588433346e+00
   7.6164635488828667e+00
   7.6038867537963730e+00
   7.5835888032937726e+00
   7.5619592260076844e+00
   7.5481272120283744e+00
   7.5399217028606946e+00
   7.5375648303881961e+00
   7.5353722065308482e+00
   7.5341472671234406e+00
   7.5355671203581549e+00
   7.5311942860557632e+00
   7.5257401020122314e+00
   7.5269205918221305e+00
   7.5238059793134724e+00
   7.5351930311534199e+00
   7.5287304562883159e+00
   7.5231588534783631e+00
   7.5238566970733105e+00
   7.5156144297933665e+00
   7.5167973503565726e+00
   7.5107450264039448e+00
   7.5142299351341180e+00
   7.5129213812282263e+00
   7.5142984410651348e+00
   7.5174602944642679e+00
   7.5352003141886668e+00
   7.5422977581444757e+00
   7.5543737318613351e+00
   7.5592008650922757e+00
   7.5684212067237890e+00
   7.5834082449588704e+00
   7.5869225311201074e+00
   7.5846472103820091e+00
   7.5778323628584339e+00
   7.5888105848433476e+00
   7.6010376331768699e+00
   7.6033570232357217e+00
   7.6139758481703419e+00
   7.6166305667553553e+00
   7.6261785327340217e+00
   7.6337909786808131e+00
   7.6440645926559272e+00
   7.6652273323836386e+00
   7.6661291964587486e+00
   7.6755951765540953e+00
   7.6982967751395108e+00
   7.7101579411023948e+00
   7.7284998310255935e+00
   7.7483392536225413e+00
   7.7491576407860761e+00
   7.7551240383147277e+00
   7.7495070782968538e+00
   7.7490481227397092e+00
   7.7567701806622340e+00
   7.7621248557157516e+00
   7.7668761099142074e+00
   7.7564108961476190e+00
   7.7671320169539992e+00
   7.7817050941974415e+00
   7.7928411999774037e+00
   7.8061826617636605e+00
   7.8183433188136364e+00
   7.8247804272635468e+00
   7.8297958778467844e+00
   7.8375038618511716e+00
   7.8448904558467154e+00
   7.8563702702489415e+00
   7.8619076908046548e+00
   7.9043105218343408e+00
   7.9225471622132826e+00
   7.9237811910558040e+00
   7.9356103297446809e+00
   7.9356518946407233e+00
   7.9377408516064580e+00
   7.9430412584474297e+00
   7.9536484655470288e+00
   7.9650805961552349e+00
   7.9658958614482325e+00
   7.9774263762378919e+00
   8.0046598073126685e+00
   8.0078931307560008e+00
   8.0137603428330468e+00
   8.0438866793488089e+00
   8.0398877208133346e+00
   8.0486332085873027e+00
   8.0552717094670712e+00
   8.0594385202345542e+00
   8.0620860934023053e+00
   8.0936751282887354e+00
   8.1146907716713539e+00
   8.1157697916975025e+00
   8.1249927534352455e+00
   8.1241700524219755e+00
   8.1116786185760290e+00
   8.1140776099339469e+00
   8.1120913938831762e+00
   8.1127530858392181e+00
   8.0999113324244068e+00
   8.0979245459103808e+00
   8.1063034485242920e+00
   8.1057195577474985e+00
   8.1085692062696317e+00
   8.1023254424279099e+00
   8.1080243207588047e+00
   8.1049066671872190e+00
   8.1067303132420943e+00
   8.1111929695336027e+00
   8.1078266154622742e+00
   8.0884700550658195e+00
   8.0987097934845504e+00
   8.1031568238372689e+00
   8.0994372290480730e+00
   8.0925950198138956e+00
   8.0780152332167141e+00
   8.0625184888238195e+00
   8.0797052053881195e+00
   8.0595030169508171e+00
   8.0505178451884767e+00
   8.0437015239175214e+00
   8.0361229214907670e+00
   8.0314425950362303e+00
   8.0086013335250694e+00
   7.9898822573237531e+00
   7.9941012926556843e+00
   7.9880131720418470e+00
   7.9930849159066142e+00
   7.9940390480501371e+00
   7.9805342635781100e+00
   7.9676031830022298e+00
   7.9727498403632353e+00
   7.9648818427035746e+00
   7.9623717744626816e+00
   7.9808393629157157e+00
   7.9842841138277043e+00
   8.0109142162707201e+00
   8.0237717831727409e+00
   8.0378673557330789e+00
   8.0649503147992245e+00
   8.0703391980611272e+00
   8.0732032212908589e+00
   8.0811472850600463e+00
   8.0841383506765716e+00
   8.0772925680005674e+00
   8.0767575586625551e+00
   8.0264250677595843e+00
   8.0014010272463754e+00
   8.0016957017824133e+00
   8.0090227348062957e+00
   8.0070270169531099e+00
   8.0027650967628361e+00
   7.9990514532430339e+00
   8.0022188418745408e+00
   7.9955444756737313e+00
   8.0023655298944885e+00
   8.0062854806680175e+00
   8.0166041003993893e+00
   8.0308137087941702e+00
   8.0236238742365984e+00
   8.0123651292598979e+00
   8.0169732129835296e+00
   8.0145229195052679e+00
   8.0110736025606428e+00
   8.0126486554074940e+00
   8.0039348657446077e+00
   7.9951685573917377e+00
   7.9994286162864752e+00
   7.9916440175711401e+00
   7.9733903512716013e+00
   7.9667493690376352e+00
   7.9687594479385977e+00
   7.9696230217045665e+00
   7.9644397660492920e+00
   7.9861423264823594e+00
   7.9919805082342652e+00
   8.0021974249557086e+00
   7.9994832023360782e+00
   8.0127678165554777e+00
   8.0148159381481374e+00
   8.0124431140818100e+00
   8.0237067689376467e+00
   8.0265258989782478e+00
   8.0480006654517027e+00
   8.0553836045583100e+00
   8.0662990350693669e+00
   8.0545444747742607e+00
   8.0597602114443596e+00
   8.0559180633367014e+00
   8.0493885448726417e+00
   8.0424636886034069e+00
   8.0490101608753388e+00
   8.0240258509518227e+00
   8.0348788137590006e+00
   8.0372205603727345e+00
   8.0373147659360971e+00
   8.0400269746902495e+00
   8.0481863753938541e+00
   8.0508219376875907e+00
   8.0463004092885075e+00
   8.0544978671024392e+00
   8.0806449045849913e+00
   8.0908825614689626e+00
   8.0890033750830401e+00
   8.0939381072944894e+00
   8.1012809903366438e+00
   8.0938253409912235e+00
   8.0703257373752670e+00
   8.0536218305478080e+00
   8.0431283140051750e+00
   8.0204646951697960e+00
   8.0018162485830349e+00
   7.9854410876246567e+00
   7.9803896700233867e+00
   7.9795836022521414e+00
   7.9766010107134049e+00
   7.9726307474809062e+00
   7.9757749249512218e+00
   7.9783394584350402e+00
   7.9801285977108680e+00
   7.9719821759842384e+00
   7.9762835528630180e+00
   7.9834496555817287e+00
   7.9884652957449758e+00
   7.9833533494854807e+00
   7.9786133564023833e+00
   7.9708156298358208e+00
   7.9679240418512016e+00
   7.9762435215553946e+00
   7.9847481839626377e+00
   7.9875540463056334e+00
   7.9821300047819204e+00
   7.9778525334597292e+00
   7.9733128785288079e+00
   7.9675850984754675e+00
   7.9594816756560673e+00
   7.9558070617127239e+00
   7.9559647834392608e+00
   7.9549094544036967e+00
   7.9529275595719708e+00
   7.9493515329845597e+00
   7.9532566838040202e+00
   7.9544395057991943e+00
   7.9509884120352554e+00
   7.9543016517266700e+00
   7.9558535091154390e+00
   7.9647042280032423e+00
   7.9726933446168582e+00
   7.9751377354563813e+00
   7.9905690497782444e+00
   7.9928065028652417e+00
   8.0014463651682650e+00
   8.0095044117228209e+00
   8.0132359686495640e+00
   8.0164656085201376e+00
   8.0172817058600288e+00
   8.0018685492540147e+00
   7.9983012067910968e+00
   7.9984208130267067e+00
   8.0002889905179675e+00
   8.0022635307576984e+00
   7.9986041337076168e+00
   8.0014386707958387e+00
   7.9969368485492085e+00
   7.9889943628592217e+00
   7.9860713908748879e+00
   7.9996491401397218e+00
   7.9860402156047021e+00
   7.9837302700827424e+00
   7.9792846797037402e+00
   7.9738483241473537e+00
   7.9605027810836813e+00
   7.9546796358824059e+00
   7.9570542774384085e+00
   7.9650136895529409e+00
   7.9710702557053503e+00
   7.9579657204433429e+00
   7.9433983469008158e+00
   7.9420203938802780e+00
   7.9346776782325392e+00
   7.9232921963264973e+00
   7.9196408927979505e+00
   7.9280011001882214e+00
   7.9588017036612380e+00
   7.9532474017942469e+00
   7.9652732700180948e+00
   7.9620433826529533e+00
   7.9461062765192105e+00
   7.9418974178219308e+00
   7.9261625171594883e+00
   7.9043014702657759e+00
   7.9058200066619326e+00
   7.9113802703646137e+00
   7.9170896383724294e+00
   7.9182113501143165e+00
   7.9201640145873853e+00
   7.9177372083808804e+00
   7.9138305629010137e+00
   7.9076090548341353e+00
   7.9109084333620387e+00
   7.8949126458884438e+00
   7.8985269993570126e+00
   7.8878824106880261e+00
   7.8828089919832660e+00
   7.8789955167780628e+00
   7.8878540111622328e+00
   7.8854068692106587e+00
   7.8846549706415301e+00
   7.8858259380251159e+00
   7.8827821432059650e+00
   7.8409819365987454e+00
   7.8526595386473055e+00
   7.8400551397148899e+00
   7.8408874766310586e+00
   7.8405762394900895e+00
   7.8318271022454162e+00
   7.8281498672779168e+00
   7.8250296671265698e+00
   7.8134129016997251e+00
   7.8091799675968154e+00
   7.8004504900788136e+00
   7.7761387877954862e+00
   7.7632081123494991e+00
   7.7559667352631481e+00
   7.7239351385803019e+00
   7.7282072942442381e+00
   7.7199535444603189e+00
   7.7007658993336987e+00
   7.6927388732119137e+00
   7.6951564771116177e+00
   7.6647600750612481e+00
   7.6462194503171581e+00
   7.6314292936070816e+00
   7.6345814328605988e+00
   7.6431988640433808e+00
   7.6394436334626050e+00
   7.6174795879162041e+00
   7.6104072725315968e+00
   7.6049301699543994e+00
   7.6044944884286725e+00
   7.5976596101437472e+00
   7.5792033054920740e+00
   7.5702790295643618e+00
   7.5597094493197812e+00
   7.5522735977988678e+00
   7.5400053313477802e+00
   7.5354155078510843e+00
   7.5211743921008720e+00
   7.5057828818994992e+00
   7.5004089632519921e+00
   7.4887930648067345e+00
   7.4742597031319802e+00
   7.4547531263735571e+00
   7.4287292104045095e+00
   7.4378503248326577e+00
   7.4385218801443118e+00
   7.4424119418781194e+00
   7.4144688209862446e+00
   7.4119397870387740e+00
   7.4048684913164688e+00
   7.4045240397363123e+00
   7.3963302305220733e+00
   7.3921279826791846e+00
   7.3885949955736550e+00
   7.3893198449884947e+00
   7.3755014749468408e+00
   7.3639134680865821e+00
   7.3576107112474523e+00
   7.3369498916490734e+00
   7.3286450257707143e+00
   7.3193285733652580e+00
   7.3198921851603789e+00
   7.3168121653249960e+00
   7.3110868405672642e+00
   7.2856194814198174e+00
   7.2843434969298784e+00
   7.2620308079969949e+00
   7.2419849210659750e+00
   7.2246956359501748e+00
   7.1912540098057782e+00
   7.1880345816564208e+00
   7.1745762368354606e+00
   7.1612351301983166e+00
   7.1518959863648828e+00
   7.1571382950134783e+00
   7.1444662114022179e+00
   7.1385143700029792e+00
   7.1353259625178627e+00
   7.1283619862550136e+00
   7.1197859851870327e+00
   7.1151841887089793e+00
   7.1161703665159459e+00
   7.1211558897842702e+00
   7.1200729549631800e+00
   7.1251559613003552e+00
   7.1061196145011127e+00
   7.0908659936156049e+00
   7.0904688206121058e+00
   7.0885426444697313e+00
   7.0914492953409916e+00
   7.0952939567066613e+00
   7.0807960735482185e+00
   7.0818328079370190e+00
   7.0957169995518772e+00
   7.1045728270624018e+00
   7.0987525255585515e+00
   7.1011657684449903e+00
   7.0821311891844827e+00
   7.0842209838272820e+00
   7.0815327685838172e+00
   7.0782350513697123e+00
   7.0740621516197368e+00
   7.0697308026536305e+00
   7.0647495954667026e+00
   7.0553160804437738e+00
   7.0462797326498983e+00
   7.0525310482354877e+00
   7.0662967504931622e+00
   7.0823807602215627e+00
   7.0777756644409129e+00
   7.0839070846128678e+00
   7.0905116571248543e+00
   7.0971858849407523e+00
   7.0941346140383539e+00
   7.0896442831140911e+00
   7.1116203541907463e+00
   7.1303385875948875e+00
   7.1529351560871435e+00
   7.1648750876159601e+00
   7.1795781230544424e+00
   7.1858687747659804e+00
   7.1840958835595696e+00
   7.2002003455212833e+00
   7.1996451002313613e+00
   7.2210843411783703e+00
   7.2344139686481688e+00
   7.2480043016489626e+00
   7.2717360436973948e+00
   7.2747300671567059e+00
   7.2983546396886538e+00
   7.3065299445359448e+00
   7.2934807825351058e+00
   7.2900132295114766e+00
   7.3040037398525905e+00
   7.3265469697090957e+00
   7.3363155698127827e+00
   7.3459834426524262e+00
   7.3565082872897820e+00
   7.3545489524990666e+00
   7.3582068730422172e+00
   7.3577057064372351e+00
   7.3556322162750822e+00
   7.3593501345943046e+00
   7.3522713771510553e+00
   7.3629948991815484e+00
   7.3688684809960803e+00
   7.3704020415053213e+00
   7.3693992851155024e+00
   7.3661694154334363e+00
   7.3641954165781645e+00
   7.3585339214650700e+00
   7.3545095264831604e+00
   7.3443848054706002e+00
   7.3418363707281555e+00
   7.3503540897647479e+00
   7.3640264782286993e+00
   7.3776331744876833e+00
   7.3763099758044310e+00
   7.3839620094009746e+00
   7.3732637591059822e+00
   7.3708147792213046e+00
   7.3719740968230703e+00
   7.3712485753789387e+00
   7.3705963557432899e+00
   7.3751600278946929e+00
   7.3857265309548019e+00
   7.3804394944552776e+00
   7.3827174377280445e+00
   7.3877592231583513e+00
   7.3846180592756214e+00
   7.3907363982544307e+00
   7.3945546419880639e+00
   7.3987529338474136e+00
   7.4027743331353664e+00
   7.4212685862998446e+00
   7.4221435296515939e+00
   7.4296299686967986e+00
   7.4299640059760517e+00
   7.4378666219565179e+00
   7.4214721512181683e+00
   7.4215762463058939e+00
   7.4170554255256844e+00
   7.4135677481878997e+00
   7.4149349840637608e+00
   7.4065552389580418e+00
   7.4050429670805409e+00
   7.4080402873625015e+00
   7.4074403242811906e+00
   7.4036360396172309e+00
   7.4033779203147541e+00
   7.3979476664924331e+00
   7.3897759941072101e+00
   7.3851453293239411e+00
   7.3895192746879923e+00
   7.3856266809062463e+00
   7.3905805599383720e+00
   7.3909565410039422e+00
   7.3960210688101107e+00
   7.3919978675006188e+00
   7.3828664274079934e+00
   7.3816117814813973e+00
   7.3751846075718719e+00
   7.3827217466256121e+00
   7.3729120421879877e+00
   7.3677713231009188e+00
   7.3625396451574776e+00
   7.3627577756709011e+00
   7.3664424952543746e+00
   7.3714737297547828e+00
   7.3718775040709330e+00
   7.3771935908013528e+00
   7.3783885637057711e+00
   7.3912301084251624e+00
   7.3646837486005614e+00
   7.3511226120260806e+00
   7.3493821457618616e+00
   7.3594128559820424e+00
   7.3552454273071302e+00
   7.3430951727505809e+00
   7.3442305967134249e+00
   7.3519270286310823e+00
   7.3415761724485620e+00
   7.3253511711417456e+00
   7.3182179171021460e+00
   7.2985396107210718e+00
   7.2866117752636193e+00
   7.2918186651587442e+00
   7.2810983099989830e+00
   7.2833729081979968e+00
   7.2711628212150403e+00
   7.2951776367740067e+00
   7.2840718757899845e+00
   7.2837296161320104e+00
   7.3013635784253035e+00
   7.3051793072885767e+00
   7.2869906985777249e+00
   7.2827944643623157e+00
   7.2731088825200514e+00
   7.2592198005265347e+00
   7.2412121865518841e+00
   7.2345207215620935e+00
   7.1997847457672677e+00
   7.1959749662528179e+00
   7.1737795720791100e+00
   7.1610892131543640e+00
   7.1576181200230691e+00
   7.1507391728883674e+00
   7.1420220424682039e+00
   7.1381482668154375e+00
   7.1374595156769383e+00
   7.1271905595882172e+00
   7.1247718287099282e+00
   7.1258546174708215e+00
   7.1161577228076194e+00
   7.1112107972590044e+00
   7.0983467970838419e+00
   7.0949350145219467e+00
   7.0882137805599612e+00
   7.0777775609054565e+00
   7.0489005204870274e+00
   7.0505389344563527e+00
   7.0454258570161921e+00
   7.0398064837687757e+00
   7.0233476808747834e+00
   6.9943613373036868e+00
   6.9889889592985552e+00
   6.9858693793022208e+00
   6.9805076670472426e+00
   6.9683145665024204e+00
   6.9618167632348662e+00
   6.9560722389573284e+00
   6.9526135157122644e+00
   6.9540335007560881e+00
   6.9594726101176603e+00
   6.9624018372589882e+00
   6.9651351055902575e+00
   6.9648979823207746e+00
   6.9716921834097514e+00
   6.9803722891333830e+00
   6.9907627560288548e+00
   6.9930420518107805e+00
   6.9853163001439391e+00
   6.9901435928649462e+00
   6.9925142447105024e+00
   6.9762966939643354e+00
   6.9762330179222731e+00
   6.9718920459797840e+00
   6.9788651946157954e+00
   6.9786125064854163e+00
   6.9728445864316742e+00
   6.9743632242400890e+00
   6.9757052166491027e+00
   6.9790517792399758e+00
   6.9772637448838619e+00
   6.9806941979759305e+00
   6.9834963212482446e+00
   6.9881743796930911e+00
   6.9927960155982518e+00
   6.9959334652599576e+00
   6.9959240711928103e+00
   7.0026025366723417e+00
   7.0026945454408978e+00
   7.0041294984424134e+00
   7.0048195525489669e+00
   7.0133020019105361e+00
   7.0103344036462323e+00
   7.0088679642770071e+00
   7.0080407668554718e+00
   7.0063283307375741e+00
   7.0088920042191090e+00
   7.0120580806548878e+00
   7.0140480972355270e+00
   7.0081563877919866e+00
   7.0243203563464816e+00
   7.0294935821727869e+00
   7.0441474991148842e+00
   7.0488280776115992e+00
   7.0491766000226042e+00
   7.0455763636627644e+00
   7.0581460053988359e+00
   7.0642517319899403e+00
   7.0626195501432099e+00
   7.0670662014893582e+00
   7.0627659592005294e+00
   7.0746778954030036e+00
   7.0771434449404724e+00
   7.0851774276662622e+00
   7.0948183185711047e+00
   7.1014743900334381e+00
   7.1063277511649181e+00
   7.1100176589471333e+00
   7.1222654899418387e+00
   7.1308344189656037e+00
   7.1232571453451472e+00
   7.1332021697479044e+00
   7.1373569530556171e+00
   7.1343367467975183e+00
   7.1528798362942689e+00
   7.1756401142867121e+00
   7.1823843015809734e+00
   7.1907940972539430e+00
   7.1926048979297414e+00
   7.1993030601286740e+00
   7.1946043636162393e+00
   7.1902035061057790e+00
   7.2016393842170459e+00
   7.1811163599890744e+00
   7.1911845054126671e+00
   7.1744429706385997e+00
   7.1758056018642495e+00
   7.1774526737472790e+00
   7.1702678049832542e+00
   7.1712618453530439e+00
   7.1581365659333747e+00
   7.1582009379116194e+00
   7.1334767526568363e+00
   7.1136248790428356e+00
   7.0805140289079338e+00
   7.0655750387134795e+00
   7.0496781092707748e+00
   7.0409964190296401e+00
   7.0313878811648030e+00
   7.0102351831632097e+00
   6.9992989214568997e+00
   6.9746753857505412e+00
   6.9634198529191167e+00
   6.9357233419749953e+00
   6.9052445150130302e+00
   6.9013405769904468e+00
   6.8761374598728047e+00
   6.8594103090075755e+00
   6.8537380200379268e+00
   6.8455785064698125e+00
   6.8281148338766720e+00
   6.7967426225499468e+00
   6.7825839844286122e+00
   6.7774395375086609e+00
   6.7640171037660064e+00
   6.7765218043676079e+00
   6.7698544701175614e+00
   6.7734612059512358e+00
   6.7799247344313409e+00
   6.7879065567559360e+00
   6.7970095264705614e+00
   6.7894895310770913e+00
   6.7867702063370556e+00
   6.7918035530393235e+00
   6.7910800832966007e+00
   6.7945625264126877e+00
   6.7910906131193984e+00
   6.7985968697935748e+00
   6.7975765434644577e+00
   6.7983307798909918e+00
   6.7979318651687208e+00
   6.8092919178541287e+00
   6.7960245590547910e+00
   6.7888933608950346e+00
   6.7863363028973165e+00
   6.7666452428023787e+00
   6.7708071277211497e+00
   6.7639074006195976e+00
   6.7632994856926567e+00
   6.7590624687060368e+00
   6.7600552296272518e+00
   6.7551843774757243e+00
   6.7504864775125801e+00
   6.7531222855787147e+00
   6.7491154733475076e+00
   6.7395588948292602e+00
   6.7494054880412913e+00
   6.7490402110564913e+00
   6.7499517342783495e+00
   6.7433453375086891e+00
   6.7402341482130561e+00
   6.7265530663383828e+00
   6.7259968114567013e+00
   6.7060806970225055e+00
   6.7105586063627696e+00
   6.6984797424837490e+00
   6.7073449949457702e+00
   6.7060577834458188e+00
   6.7030814310019879e+00
   6.7142741720247887e+00
   6.7238555222380985e+00
   6.7259987936368928e+00
   6.7531866496998285e+00
   6.7624208983038008e+00
   6.7688685524714840e+00
   6.7744183726247558e+00
   6.7640721005430411e+00
   6.7721015589127891e+00
   6.7867459590210109e+00
   6.8083662372988814e+00
   6.8156156813928304e+00
   6.8319912851388738e+00
   6.8235370100628199e+00
   6.8189748579713907e+00
   6.8189267756437104e+00
   6.8151623002571666e+00
   6.8344833972713337e+00
   6.8350432440375402e+00
   6.8583889572240784e+00
   6.8520165641351207e+00
   6.8613644894660597e+00
   6.8847165242370441e+00
   6.9190533361168196e+00
   6.9265210204956329e+00
   6.9610955999541941e+00
   7.0048005037560666e+00
   7.0148168404250333e+00
   7.0290982450761827e+00
   7.0473771530282452e+00
   7.0383159021512753e+00
   7.0412130390047674e+00
   7.0615431689009691e+00
   7.0595758504973833e+00
   7.0486079062596216e+00
   7.0564266169310654e+00
   7.0577079481555254e+00
   7.0640562993678842e+00
   7.0645288730066920e+00
   7.0682764163333589e+00
   7.0903451681739540e+00
   7.1111345546602296e+00
   7.1267239018084210e+00
   7.1309809670205828e+00
   7.1368990010390352e+00
   7.1434866004047795e+00
   7.1706474076336590e+00
   7.1801210244275024e+00
   7.1689416268263635e+00
   7.1840791491409757e+00
   7.1953754679247659e+00
   7.1805833714235279e+00
   7.1786505617097864e+00
   7.1881076551619048e+00
   7.1905474709042290e+00
   7.1999394154026204e+00
   7.2095367202265743e+00
   7.2190626521052561e+00
   7.2278612138109022e+00
   7.2366422304775382e+00
   7.2424334052148058e+00
   7.2477678980825191e+00
   7.2656561860786590e+00
   7.2816629569233919e+00
   7.2868544054823925e+00
   7.2978210575150664e+00
   7.3073295467952777e+00
   7.3081894425758591e+00
   7.3144950226586536e+00
   7.3122890377314658e+00
   7.3154200892909698e+00
   7.3287815425845766e+00
   7.3333886346491202e+00
   7.3439663938879765e+00
   7.3478194455452712e+00
   7.3645475493300125e+00
   7.3730234485380084e+00
   7.3723604692670150e+00
   7.3656616324462290e+00
   7.3674509640441865e+00
   7.3727610547355553e+00
   7.3773221983745847e+00
   7.3832580977642470e+00
   7.3868834875234022e+00
   7.3860223868736918e+00
   7.3893542843740656e+00
   7.4011250444439218e+00
   7.4069835230598535e+00
   7.4062100229644701e+00
   7.4129542977859932e+00
   7.4254338420730468e+00
   7.4190974902285127e+00
   7.4263602797598418e+00
   7.4317716648708334e+00
   7.4357187262631257e+00
   7.4410830788980658e+00
   7.4333209583045718e+00
   7.4273990608521538e+00
   7.4322397718107709e+00
   7.4464481501477513e+00
   7.4488647062498305e+00
   7.4543350721406592e+00
   7.4645094725335390e+00
   7.4773927231032733e+00
   7.4863415021170505e+00
   7.4940262979706889e+00
   7.4976286667010248e+00
   7.5040557354793807e+00
   7.5030518822944119e+00
   7.5087778062927342e+00
   7.5118892059660238e+00
   7.5236120913629332e+00
   7.5180393925377809e+00
   7.5222217922702281e+00
   7.5216223848527726e+00
   7.5209611541987629e+00
   7.5293856535435122e+00
   7.5402815972059285e+00
   7.5391393015316455e+00
   7.5299955702649788e+00
   7.5267580255142406e+00
   7.5251627927635534e+00
   7.5296999740106170e+00
   7.5281673065458898e+00
   7.5224117208914016e+00
   7.5189645908383582e+00
   7.5228286059286607e+00
   7.5127332267209868e+00
   7.4997602411260935e+00
   7.5024011484025541e+00
   7.4976958926046997e+00
   7.4803273994865496e+00
   7.4705948234423962e+00
   7.4564008078894837e+00
   7.4496132651660183e+00
   7.4481268206949203e+00
   7.4546456988382195e+00
   7.4416159715528831e+00
   7.4373886527300161e+00
   7.4507762467127501e+00
   7.4424151600413673e+00
   7.4491994567243429e+00
   7.4352260418763070e+00
   7.4328013433695403e+00
   7.4461475421605181e+00
   7.4312023938483529e+00
   7.4171736254988039e+00
   7.4079538619133549e+00
   7.4169192178555035e+00
   7.4196514978259751e+00
   7.4071556420735849e+00
   7.3961687859825256e+00
   7.3865033777901861e+00
   7.4127998247099196e+00
   7.4241606346744140e+00
   7.4108640992193378e+00
   7.4147821041114703e+00
   7.4172787203252533e+00
   7.4057681287578996e+00
   7.4037980805287082e+00
   7.3957407329416283e+00
   7.3965791241656342e+00
   7.3888314633298311e+00
   7.3842914792225596e+00
   7.3820054515927129e+00
   7.3593669484750102e+00
   7.3521056629773138e+00
   7.3439048723779274e+00
   7.3357822196305049e+00
   7.3352700012232885e+00
   7.3218291728350744e+00
   7.3236106719670966e+00
   7.3200570156080573e+00
   7.3154035517098173e+00
   7.3377665419170990e+00
   7.3500686649187363e+00
   7.3471222453319891e+00
   7.3464292267844984e+00
   7.3523047165625419e+00
   7.3577832522010516e+00
   7.3591424268031949e+00
   7.3620265842920860e+00
   7.3581468253502491e+00
   7.3608500865088224e+00
   7.3662725531638689e+00
   7.3670622807267314e+00
   7.3676415969537468e+00
   7.3907066045123138e+00
   7.3901203554239538e+00
   7.3974520430747628e+00
   7.4118067330476167e+00
   7.4256986017480884e+00
   7.4371680986327897e+00
   7.4448488995090676e+00
   7.4391115394429130e+00
   7.4410612369984896e+00
   7.4321653233296994e+00
   7.4416970958936854e+00
   7.4473494611552704e+00
   7.4478532576441854e+00
   7.4410538983602290e+00
   7.4478005631658126e+00
   7.4478262893554490e+00
   7.4472164498453610e+00
   7.4462749554242826e+00
   7.4465163033618671e+00
   7.4429006090383290e+00
   7.4463392349904538e+00
   7.4522940180285433e+00
   7.4556689425138112e+00
   7.4636485119390210e+00
   7.4615055937020776e+00
   7.4627442166726174e+00
   7.4709348510299067e+00
   7.4660422012563359e+00
   7.4593705502513572e+00
   7.4645085317494688e+00
   7.4614026173345316e+00
   7.4607226168009184e+00
   7.4584388871129850e+00
   7.4646762877536172e+00
   7.4718518333664035e+00
   7.4700444110473807e+00
   7.4761313316852629e+00
   7.4715909576096671e+00
   7.4649736735024925e+00
   7.4680209484650328e+00
   7.4571244799383720e+00
   7.4509372335410937e+00
   7.4459856443410191e+00
   7.4415357605994856e+00
   7.4388344732863949e+00
   7.4262373499979955e+00
   7.4175430335600918e+00
   7.4116503953689321e+00
   7.3939705054553242e+00
   7.3889822052094463e+00
   7.3821742189769637e+00
   7.3802463995598142e+00
   7.3762800602117116e+00
   7.3633601313440185e+00
   7.3604613036510038e+00
   7.3625710033439029e+00
   7.3324252365261042e+00
   7.3166494700306206e+00
   7.3063674632720392e+00
   7.3038327366099329e+00
   7.3136298896535807e+00
   7.3097228860703334e+00
   7.3063029714005285e+00
   7.2908268513232688e+00
   7.2806388286068557e+00
   7.2696102692198279e+00
   7.2794214376847330e+00
   7.2794909757818704e+00
   7.2715372905203441e+00
   7.2689200150852011e+00
   7.2585933074741318e+00
   7.2608993413079936e+00
   7.2446927628398612e+00
   7.2408483258637055e+00
   7.2402033372878041e+00
   7.2103313286969835e+00
   7.1864396025131265e+00
   7.1729055561065698e+00
   7.1398184480535987e+00
   7.0989153657293240e+00
   7.0871647100941360e+00
   7.0857676819354243e+00
   7.0677258029475816e+00
