0.000000000000000000e+00
4.476713914117501532e-03
3.644814796753331407e-03
5.031520814138332317e-04
9.015607390005119697e-04
6.076615914548541770e-04
3.170695666738189682e-03
1.861633029669536917e-03
2.910132437955085128e-03
2.143368187241168846e-03
8.190494812894275533e-04
2.998233890077612630e-03
1.958825020787353585e-03
1.341338846642332492e-03
2.773226352091776904e-03
7.373723505381528940e-04
1.747478445084014141e-03
1.400538014354632066e-03
1.218782922810052833e-03
1.950899759834614144e-03
1.688499046571022635e-03
1.417594458448780776e-03
8.668670474771101404e-04
6.919865152791414157e-04
1.285880563125229269e-03
1.768075325436645976e-03
6.367226780757150907e-04
3.455229026822621797e-04
5.849985483829116565e-04
8.054237866650299817e-04
8.313182430380785387e-04
5.952842227425912187e-05
1.386554329817387072e-03
1.133975018517759331e-03
6.912217508089239315e-04
1.654520318849358844e-03
1.576237232943296243e-03
2.713563782222894205e-04
1.337726199229843579e-03
1.353421067795051742e-03
5.140141094214522883e-04
4.981501829171320088e-04
2.014408723651525505e-03
1.488659218569114663e-03
1.228892230779578482e-03
7.139138653362797843e-04
6.826474887384522544e-04
5.541291949273469348e-04
3.595295190765498972e-04
1.427008925074193038e-03
8.355801291246110069e-04
2.565227007187043822e-04
7.654625094144447200e-04
9.885574798503013547e-04
1.327662619666792774e-03
5.488618520686721182e-04
9.760536253465603969e-04
5.096417426376644933e-04
8.113344041705832128e-04
4.837552371038782444e-04
1.155380617107798144e-03
1.360023129428074079e-03
1.528096263289713654e-03
2.232600211356018953e-04
5.358687640314114880e-04
1.258469257804415310e-03
6.151660273906939865e-04
4.903303787880339010e-04
1.719232592843858215e-03
3.961687042233655678e-04
5.871265931125959183e-04
5.188408728543148808e-04
1.043741104376056999e-03
9.142714843052232327e-04
7.115749780355089997e-04
9.541245010065763283e-05
1.401657290319502976e-03
4.004072089249938182e-04
8.286210450529764120e-04
1.598261450692732609e-03
2.287500299393568513e-04
8.613493871940404705e-04
4.561220964743324777e-04
4.075546696535881368e-04
5.980646316567100494e-04
8.050317325750134525e-04
1.311384691891048435e-03
1.691635686388468559e-03
1.077959260779602852e-03
1.616460775165427625e-04
6.270981591076974816e-04
3.213556708422848278e-04
1.586473542007831115e-03
4.143558820968556685e-04
4.554523858315800939e-05
2.055753774047103981e-04
2.110695994648804398e-04
5.597981347551434818e-04
1.677567006702414428e-04
1.374148731086816632e-04
5.904322222275726079e-04
7.452606191534577552e-04
5.418454591933096788e-04
6.065518498967590764e-04
2.536086859774731232e-04
1.733819568822759561e-04
1.847287969846329631e-04
1.927160721566040453e-04
6.289235069728934440e-04
8.742048270259346679e-04
4.258309149797481980e-04
8.167379991913075983e-04
1.189846391019331977e-04
2.525164979993886269e-04
6.141592479076057659e-04
7.704627409368422324e-04
2.198735292703051685e-04
3.008058846264775573e-04
6.119139945724603666e-04
4.259511486951516658e-04
6.319615285160954743e-04
6.034893735532912947e-04
6.001073335991564429e-04
7.158329246531107111e-04
7.082026026318013470e-04
5.266460770319559810e-04
8.160227588275922482e-04
4.432831802981383349e-04
1.132432404043058616e-03
2.100237399712615027e-04
2.320607958760864404e-04
5.320827536382270392e-04
1.408705286841326412e-03
4.753631910770200059e-04
3.281491365651144874e-04
1.169494539856018919e-03
4.552644113104382202e-04
5.552394376634662470e-04
2.524453170581415816e-04
7.645040828601823088e-04
4.864782828332715465e-04
4.749900683272944560e-04
4.624042843827263246e-04
8.107855326653962309e-04
2.797681450087017782e-04
8.066215327279064803e-04
7.015214582699089802e-04
8.458698741927937715e-05
5.058359348117725304e-04
9.966561322126636212e-04
1.682321667160003643e-04
7.694050791318781573e-04
5.087923397165436228e-04
2.299741526143908284e-04
4.178547415296507807e-04
9.417954873315832276e-04
5.517564454067717212e-04
4.190147056134237527e-04
7.251708152119763990e-04
1.696959412461639170e-04
3.920062935516802787e-04
1.778752945381193449e-04
6.195443653601428319e-04
5.370052294012777174e-04
4.354867134927735005e-04
3.469529705792287846e-04
2.475222354996874249e-04
5.834869295357947207e-04
4.798524955459313964e-04
2.773248778493130604e-04
1.986326813891867377e-04
5.718060729937432182e-04
6.640015647130378344e-04
4.923070105195121154e-04
8.441302993023085339e-04
6.564306135877578073e-04
8.043696620796878232e-04
5.339772653182601331e-04
2.548362304828187411e-04
1.383854234000247681e-03
1.813712987630252467e-04
7.487166260636365261e-05
5.590510254632862896e-04
5.910259176572378636e-04
3.945443856164495069e-04
4.610389635356409630e-04
8.104180380206820128e-04
3.150766314243234347e-04
7.084220697283327012e-04
2.340034757328893233e-04
5.971293454175136649e-04
2.492564831510512852e-05
2.149644229344939287e-04
3.914414476408564249e-04
6.646663010350481893e-04
2.438151638817523078e-04
7.244847453062106934e-04
3.682575008536223375e-04
4.819224359580418274e-04
8.479417089098083022e-04
8.163954316100996899e-04
5.551957080611924413e-04
2.838515504329415257e-04
1.038340679704081873e-03
6.156386885240208414e-04
8.148466187316765006e-04
2.812459135584666767e-04
1.073091718603803174e-03
3.963938440536692812e-04
2.945083572111319506e-04
2.473577669816837544e-04
6.335978800419830382e-04
7.542359616222955908e-04
5.789696156455447764e-04
3.299882643695342655e-04
7.566578639787373923e-04
8.779202505821156284e-04
1.337369504691928747e-04
2.774411702917977686e-04
8.265415150999473690e-04
4.101804404990959190e-04
2.344490565311401658e-04
3.580994284482130665e-04
5.086200935883297865e-04
7.451590313258226990e-04
3.518501522030477598e-04
8.325697593761761614e-05
4.106208846702064986e-04
5.306688267035632265e-04
4.148082953668683504e-04
1.663861534720805055e-04
3.408437451195309251e-04
6.207141051337458594e-04
2.187149865568773226e-04
2.874237823222684654e-04
6.303713024579961615e-04
2.190677695189349099e-04
6.246446498004499300e-04
1.472422441323965197e-04
9.027942871380896213e-04
8.240924896877740644e-04
2.123965147736463211e-04
3.660579122231971900e-04
1.935467765145210931e-04
5.190441178435538979e-04
5.065364766459348831e-04
3.591664177313519065e-04
4.667951197546632634e-04
1.385859112240527718e-04
4.248306741475229719e-04
6.058716526917111303e-04
5.112744822769251397e-04
5.869863867071112729e-04
4.011060279490364549e-04
3.543594157801571026e-04
2.101709403019270896e-04
1.005381970093034618e-04
1.347546330784042115e-04
4.691412559837666407e-04
5.985175935304163459e-04
