1.890377184826986650e+02
1.890376946330576118e+02
1.890376707834165302e+02
1.890376469337754770e+02
1.890376230841344238e+02
1.890375992344933707e+02
1.890375753848522891e+02
1.890375515352112359e+02
1.890375276855701827e+02
1.890375038359291295e+02
1.890374799862880479e+02
1.890374561366469948e+02
1.890374322870059416e+02
1.890374084373648884e+02
1.890373845877238068e+02
1.890373607380827536e+02
1.890373368884417005e+02
1.890373130388006189e+02
1.890372891891595657e+02
1.890372653395185125e+02
1.890372414898774593e+02
1.890372176402363777e+02
1.890371937905953246e+02
1.890371699409542714e+02
1.890371460913132182e+02
1.890371222416721366e+02
1.890370983920310834e+02
1.890370745423900303e+02
1.890370506927489771e+02
1.890370268431078955e+02
1.890370029934668423e+02
1.890369791438257892e+02
1.890369552941847360e+02
1.890369314445436544e+02
1.890369075949026012e+02
1.890368837452615480e+02
1.890368598956204664e+02
1.890368360459794133e+02
1.890368121963383601e+02
1.890367883466973069e+02
1.890367644970562253e+02
1.890367406474151721e+02
1.890367167977741190e+02
1.890366929481330658e+02
1.890366690984919842e+02
1.890366452488509310e+02
1.890366213992098778e+02
1.890365975495688247e+02
1.890365736999277431e+02
1.890365498502866899e+02
1.890365260006456367e+02
1.890365021510045551e+02
1.890364783013635019e+02
1.890364544517224488e+02
1.890364306020813956e+02
1.890364067524403140e+02
1.890363829027992608e+02
1.890363590531582076e+02
1.890363352035171545e+02
1.890363113538760729e+02
1.890362875042350197e+02
1.890362636545939665e+02
1.890362398049529133e+02
1.890362159553118317e+02
1.890361921056707786e+02
1.890361682560297254e+02
1.890361444063886438e+02
1.890361205567475906e+02
1.890360967071065375e+02
1.890360728574654843e+02
1.890360490078244027e+02
1.890360251581833495e+02
1.890360013085422963e+02
1.890359774589012432e+02
1.890359536092601616e+02
1.890359297596191084e+02
1.890359059099780552e+02
1.890358820603370020e+02
1.890358582106959204e+02
1.890358343610548673e+02
1.890358105114138141e+02
1.890357866617727325e+02
1.890357628121316793e+02
1.890357389624906261e+02
1.890357151128495730e+02
1.890356912632084914e+02
1.890356674135674382e+02
1.890356435639263850e+02
1.890356197142853318e+02
1.890355958646442502e+02
1.890355720150031971e+02
1.890355481653621439e+02
1.890355243157210907e+02
1.890355004660800091e+02
1.890354766164389559e+02
1.890354527667979028e+02
1.890354289171568212e+02
1.890354050675157680e+02
1.890353812178747148e+02
1.890353573682336616e+02
1.890353335185925800e+02
1.890353096689515269e+02
1.890352858193104737e+02
1.890352619696694205e+02
1.890352381200283389e+02
1.890352142703872858e+02
1.890351904207462326e+02
1.890351665711051794e+02
1.890351427214640978e+02
1.890351188718230446e+02
1.890350950221819915e+02
1.890350711725409383e+02
1.890350473228998567e+02
1.890350234732588035e+02
1.890349996236177503e+02
1.890349757739766687e+02
1.890349519243356156e+02
1.890349280746945624e+02
1.890349042250535092e+02
1.890348803754124276e+02
1.890348565257713744e+02
1.890348326761303213e+02
1.890348088264892681e+02
1.890347849768481865e+02
1.890347611272071333e+02
1.890347372775660801e+02
1.890347134279250270e+02
1.890346895782839454e+02
1.890346657286428922e+02
1.890346418790018390e+02
1.890346180293607574e+02
1.890345941797197042e+02
1.890345703300786511e+02
1.890345464804375979e+02
1.890345226307965163e+02
1.890344987811554631e+02
1.890344749315144099e+02
1.890344510818733568e+02
1.890344272322322752e+02
1.890344033825912220e+02
1.890343795329501688e+02
1.890343556833091156e+02
1.890343318336680341e+02
1.890343079840269809e+02
1.890342841343859277e+02
1.890342602847448461e+02
1.890342364351037929e+02
1.890342125854627398e+02
1.890341887358216866e+02
1.890341648861806050e+02
1.890341410365395518e+02
1.890341171868984986e+02
1.890340933372574455e+02
1.890340694876163639e+02
1.890340456379753107e+02
1.890340217883342575e+02
1.890339979386932043e+02
1.890339740890521227e+02
1.890339502394110696e+02
1.890339263897700164e+02
1.890339025401289632e+02
1.890338786904878816e+02
1.890338548408468284e+02
1.890338309912057753e+02
1.890338071415646937e+02
1.890337832919236405e+02
1.890337594422825873e+02
1.890337355926415341e+02
1.890337117430004525e+02
1.890336878933593994e+02
1.890336640437183462e+02
1.890336401940772930e+02
1.890336163444362114e+02
1.890335924947951582e+02
1.890335686451541051e+02
1.890335447955130519e+02
1.890335209458719703e+02
1.890334970962309171e+02
1.890334732465898639e+02
1.890334493969487824e+02
1.890334255473077292e+02
1.890334016976666760e+02
1.890333778480256228e+02
1.890333539983845412e+02
1.890333301487434881e+02
1.890333062991024349e+02
1.890332824494613817e+02
1.890332585998203001e+02
1.890332347501792469e+02
1.890332109005381938e+02
1.890331870508971406e+02
1.890331632012560590e+02
1.890331393516150058e+02
1.890331155019739526e+02
1.890330916523328710e+02
1.890330678026918179e+02
1.890330439530507647e+02
1.890330201034097115e+02
1.890329962537686299e+02
1.890329724041275767e+02
1.890329485544865236e+02
1.890329247048454704e+02
1.890329008552043888e+02
1.890328770055633356e+02
1.890328531559222824e+02
1.890328293062812293e+02
1.890328054566401477e+02
1.890327816069990945e+02
1.890327577573580413e+02
1.890327339077169597e+02
1.890327100580759065e+02
1.890326862084348534e+02
1.890326623587938002e+02
1.890326385091527186e+02
1.890326146595116654e+02
1.890325908098706122e+02
1.890325669602295591e+02
1.890325431105884775e+02
1.890325192609474243e+02
1.890324954113063711e+02
1.890324715616653179e+02
1.890324477120242364e+02
1.890324238623831832e+02
1.890324000127421300e+02
1.890323761631010484e+02
1.890323523134599952e+02
1.890323284638189421e+02
1.890323046141778889e+02
1.890322807645368073e+02
1.890322569148957541e+02
1.890322330652547009e+02
1.890322092156136478e+02
1.890321853659725662e+02
1.890321615163315130e+02
1.890321376666904598e+02
1.890321138170494066e+02
1.890320899674083250e+02
1.890320661177672719e+02
1.890320422681262187e+02
1.890320184184851655e+02
1.890319945688440839e+02
1.890319707192030307e+02
1.890319468695619776e+02
1.890319230199208960e+02
1.890318991702798428e+02
1.890318753206387896e+02
1.890318514709977364e+02
1.890318276213566548e+02
1.890318037717156017e+02
1.890317799220745485e+02
1.890317560724334953e+02
1.890317322227924137e+02
1.890317083731513605e+02
1.890316845235103074e+02
1.890316606738692542e+02
1.890316368242281726e+02
1.890316129745871194e+02
1.890315891249460662e+02
1.890315652753049847e+02
1.890315414256639315e+02
1.890315175760228783e+02
1.890314937263818251e+02
1.890314698767407435e+02
1.890314460270996904e+02
1.890314221774586372e+02
1.890313983278175840e+02
1.890313744781765024e+02
1.890313506285354492e+02
1.890313267788943961e+02
1.890313029292533429e+02
1.890312790796122613e+02
1.890312552299712081e+02
1.890312313803301549e+02
1.890312075306890733e+02
1.890311836810480202e+02
1.890311598314069670e+02
1.890311359817659138e+02
1.890311121321248322e+02
1.890310882824837790e+02
1.890310644328427259e+02
1.890310405832016727e+02
1.890310167335605911e+02
1.890309928839195379e+02
1.890309690342784847e+02
1.890309451846374316e+02
1.890309213349963500e+02
1.890308974853552968e+02
1.890308736357142436e+02
1.890308497860731904e+02
1.890308259364321088e+02
1.890308020867910557e+02
1.890307782371500025e+02
1.890307543875089209e+02
1.890307305378678677e+02
1.890307066882268145e+02
1.890306828385857614e+02
1.890306589889446798e+02
1.890306351393036266e+02
1.890306112896625734e+02
1.890305874400215203e+02
1.890305635903804387e+02
1.890305397407393855e+02
1.890305158910983323e+02
1.890304920414572791e+02
1.890304681918161975e+02
1.890304443421751444e+02
1.890304204925340912e+02
1.890303966428930096e+02
1.890303727932519564e+02
1.890303489436109032e+02
1.890303250939698501e+02
1.890303012443287685e+02
1.890302773946877153e+02
1.890302535450466621e+02
1.890302296954056089e+02
1.890302058457645273e+02
1.890301819961234742e+02
1.890301581464824210e+02
1.890301342968413678e+02
1.890301104472002862e+02
1.890300865975592330e+02
1.890300627479181799e+02
1.890300388982770983e+02
1.890300150486360451e+02
1.890299911989949919e+02
1.890299673493539387e+02
1.890299434997128571e+02
1.890299196500718040e+02
1.890298958004307508e+02
1.890298719507896976e+02
1.890298481011486160e+02
1.890298242515075628e+02
1.890298004018665097e+02
1.890297765522254565e+02
1.890297527025843749e+02
1.890297288529433217e+02
1.890297050033022686e+02
1.890296811536611870e+02
1.890296573040201338e+02
1.890296334543790806e+02
1.890296096047380274e+02
1.890295857550969458e+02
1.890295619054558927e+02
1.890295380558148395e+02
1.890295142061737863e+02
1.890294903565327047e+02
1.890294665068916515e+02
1.890294426572505984e+02
1.890294188076095452e+02
1.890293949579684636e+02
1.890293711083274104e+02
1.890293472586863572e+02
1.890293234090452756e+02
1.890292995594042225e+02
1.890292757097631693e+02
1.890292518601221161e+02
1.890292280104810345e+02
1.890292041608399813e+02
1.890291803111989282e+02
1.890291564615578750e+02
1.890291326119167934e+02
1.890291087622757402e+02
1.890290849126346870e+02
1.890290610629936339e+02
1.890290372133525523e+02
1.890290133637114991e+02
1.890289895140704459e+02
1.890289656644293927e+02
1.890289418147883111e+02
1.890289179651472580e+02
1.890288941155062048e+02
1.890288702658651232e+02
1.890288464162240700e+02
1.890288225665830169e+02
1.890287987169419637e+02
1.890287748673008821e+02
1.890287510176598289e+02
1.890287271680187757e+02
1.890287033183777226e+02
1.890286794687366410e+02
1.890286556190955878e+02
1.890286317694545346e+02
1.890286079198134814e+02
1.890285840701723998e+02
1.890285602205313467e+02
1.890285363708902935e+02
1.890285125212492119e+02
1.890284886716081587e+02
1.890284648219671055e+02
1.890284409723260524e+02
1.890284171226849708e+02
1.890283932730439176e+02
1.890283694234028644e+02
1.890283455737618112e+02
1.890283217241207296e+02
1.890282978744796765e+02
1.890282740248386233e+02
1.890282501751975701e+02
1.890282263255564885e+02
1.890282024759154353e+02
1.890281786262743822e+02
1.890281547766333006e+02
1.890281309269922474e+02
1.890281070773511942e+02
1.890280832277101410e+02
1.890280593780690594e+02
1.890280355284280063e+02
1.890280116787869531e+02
1.890279878291458999e+02
1.890279639795048183e+02
1.890279401298637652e+02
1.890279162802227120e+02
1.890278924305816588e+02
1.890278685809405772e+02
1.890278447312995240e+02
1.890278208816584709e+02
1.890277970320174177e+02
1.890277731823763361e+02
1.890277493327352829e+02
1.890277254830942297e+02
1.890277016334531481e+02
1.890276777838120950e+02
1.890276539341710418e+02
1.890276300845299886e+02
1.890276062348889070e+02
1.890275823852478538e+02
1.890275585356068007e+02
1.890275346859657475e+02
1.890275108363246659e+02
1.890274869866836127e+02
1.890274631370425595e+02
1.890274392874015064e+02
1.890274154377604248e+02
1.890273915881193716e+02
1.890273677384783184e+02
1.890273438888372368e+02
1.890273200391961836e+02
1.890272961895551305e+02
1.890272723399140773e+02
1.890272484902729957e+02
1.890272246406319425e+02
1.890272007909908893e+02
1.890271769413498362e+02
1.890271530917087546e+02
1.890271292420677014e+02
1.890271053924266482e+02
1.890270815427855950e+02
1.890270576931445135e+02
1.890270338435034603e+02
1.890270099938624071e+02
1.890269861442213255e+02
1.890269622945802723e+02
1.890269384449392192e+02
1.890269145952981660e+02
1.890268907456570844e+02
1.890268668960160312e+02
1.890268430463749780e+02
1.890268191967339249e+02
1.890267953470928433e+02
1.890267714974517901e+02
1.890267476478107369e+02
1.890267237981696837e+02
1.890266999485286021e+02
1.890266760988875490e+02
1.890266522492464958e+02
1.890266283996054142e+02
1.890266045499643610e+02
1.890265807003233078e+02
1.890265568506822547e+02
1.890265330010411731e+02
1.890265091514001199e+02
1.890264853017590667e+02
1.890264614521180135e+02
1.890264376024769319e+02
1.890264137528358788e+02
1.890263899031948256e+02
1.890263660535537724e+02
1.890263422039126908e+02
1.890263183542716376e+02
1.890262945046305845e+02
1.890262706549895029e+02
1.890262468053484497e+02
1.890262229557073965e+02
1.890261991060663433e+02
1.890261752564252618e+02
1.890261514067842086e+02
1.890261275571431554e+02
1.890261037075021022e+02
1.890260798578610206e+02
1.890260560082199675e+02
1.890260321585789143e+02
1.890260083089378611e+02
1.890259844592967795e+02
1.890259606096557263e+02
1.890259367600146732e+02
1.890259129103736200e+02
1.890258890607325384e+02
1.890258652110914852e+02
1.890258413614504320e+02
1.890258175118093504e+02
1.890257936621682973e+02
1.890257698125272441e+02
1.890257459628861909e+02
1.890257221132451093e+02
1.890256982636040561e+02
1.890256744139630030e+02
1.890256505643219498e+02
1.890256267146808682e+02
1.890256028650398150e+02
1.890255790153987618e+02
1.890255551657577087e+02
1.890255313161166271e+02
1.890255074664755739e+02
1.890254836168345207e+02
1.890254597671934391e+02
1.890254359175523859e+02
1.890254120679113328e+02
1.890253882182702796e+02
1.890253643686291980e+02
