0.000000000000000000e+00
1.930501930501930547e-03
3.861003861003861094e-03
5.791505791505792075e-03
7.722007722007722189e-03
9.652509652509652302e-03
1.158301158301158415e-02
1.351351351351351426e-02
1.544401544401544438e-02
1.737451737451737449e-02
1.930501930501930460e-02
2.123552123552123472e-02
2.316602316602316830e-02
2.509652509652509841e-02
2.702702702702702853e-02
2.895752895752895864e-02
3.088803088803088875e-02
3.281853281853282234e-02
3.474903474903474898e-02
3.667953667953668256e-02
3.861003861003860921e-02
4.054054054054054279e-02
4.247104247104246944e-02
4.440154440154440302e-02
4.633204633204633660e-02
4.826254826254826324e-02
5.019305019305019683e-02
5.212355212355212347e-02
5.405405405405405705e-02
5.598455598455598370e-02
5.791505791505791728e-02
5.984555984555984393e-02
6.177606177606177751e-02
6.370656370656370415e-02
6.563706563706564467e-02
6.756756756756757132e-02
6.949806949806949796e-02
7.142857142857142461e-02
7.335907335907336513e-02
7.528957528957529177e-02
7.722007722007721842e-02
7.915057915057915894e-02
8.108108108108108558e-02
8.301158301158301223e-02
8.494208494208493887e-02
8.687258687258687939e-02
8.880308880308880604e-02
9.073359073359073268e-02
9.266409266409267320e-02
9.459459459459459985e-02
9.652509652509652649e-02
9.845559845559845313e-02
1.003861003861003937e-01
1.023166023166023203e-01
1.042471042471042469e-01
1.061776061776061736e-01
1.081081081081081141e-01
1.100386100386100408e-01
1.119691119691119674e-01
1.138996138996139079e-01
1.158301158301158346e-01
1.177606177606177612e-01
1.196911196911196879e-01
1.216216216216216284e-01
1.235521235521235550e-01
1.254826254826254817e-01
1.274131274131274083e-01
1.293436293436293349e-01
1.312741312741312893e-01
1.332046332046332160e-01
1.351351351351351426e-01
1.370656370656370693e-01
1.389961389961389959e-01
1.409266409266409226e-01
1.428571428571428492e-01
1.447876447876448036e-01
1.467181467181467303e-01
1.486486486486486569e-01
1.505791505791505835e-01
1.525096525096525102e-01
1.544401544401544368e-01
1.563706563706563635e-01
1.583011583011583179e-01
1.602316602316602445e-01
1.621621621621621712e-01
1.640926640926640978e-01
1.660231660231660245e-01
1.679536679536679511e-01
1.698841698841698777e-01
1.718146718146718321e-01
1.737451737451737588e-01
1.756756756756756854e-01
1.776061776061776121e-01
1.795366795366795387e-01
1.814671814671814654e-01
1.833976833976833920e-01
1.853281853281853464e-01
1.872586872586872730e-01
1.891891891891891997e-01
1.911196911196911263e-01
1.930501930501930530e-01
1.949806949806949796e-01
1.969111969111969063e-01
1.988416988416988329e-01
2.007722007722007873e-01
2.027027027027027140e-01
2.046332046332046406e-01
2.065637065637065672e-01
2.084942084942084939e-01
2.104247104247104205e-01
2.123552123552123472e-01
2.142857142857143016e-01
2.162162162162162282e-01
2.181467181467181549e-01
2.200772200772200815e-01
2.220077220077220082e-01
2.239382239382239348e-01
2.258687258687258614e-01
2.277992277992278158e-01
2.297297297297297425e-01
2.316602316602316691e-01
2.335907335907335958e-01
2.355212355212355224e-01
2.374517374517374491e-01
2.393822393822393757e-01
2.413127413127413301e-01
2.432432432432432567e-01
2.451737451737451834e-01
2.471042471042471100e-01
2.490347490347490367e-01
2.509652509652509633e-01
2.528957528957528900e-01
2.548262548262548166e-01
2.567567567567567433e-01
2.586872586872586699e-01
2.606177606177605965e-01
2.625482625482625787e-01
2.644787644787645053e-01
2.664092664092664320e-01
2.683397683397683586e-01
2.702702702702702853e-01
2.722007722007722119e-01
2.741312741312741386e-01
2.760617760617760652e-01
2.779922779922779918e-01
2.799227799227799185e-01
2.818532818532818451e-01
2.837837837837837718e-01
2.857142857142856984e-01
2.876447876447876251e-01
2.895752895752896072e-01
2.915057915057915339e-01
2.934362934362934605e-01
2.953667953667953872e-01
2.972972972972973138e-01
2.992277992277992404e-01
3.011583011583011671e-01
3.030888030888030937e-01
3.050193050193050204e-01
3.069498069498069470e-01
3.088803088803088737e-01
3.108108108108108003e-01
3.127413127413127270e-01
3.146718146718146536e-01
3.166023166023166358e-01
3.185328185328185624e-01
3.204633204633204890e-01
3.223938223938224157e-01
3.243243243243243423e-01
3.262548262548262690e-01
3.281853281853281956e-01
3.301158301158301223e-01
3.320463320463320489e-01
3.339768339768339755e-01
3.359073359073359022e-01
3.378378378378378288e-01
3.397683397683397555e-01
3.416988416988416821e-01
3.436293436293436643e-01
3.455598455598455909e-01
3.474903474903475176e-01
3.494208494208494442e-01
3.513513513513513709e-01
3.532818532818532975e-01
3.552123552123552241e-01
3.571428571428571508e-01
3.590733590733590774e-01
3.610038610038610041e-01
3.629343629343629307e-01
3.648648648648648574e-01
3.667953667953667840e-01
3.687258687258687107e-01
3.706563706563706928e-01
3.725868725868726195e-01
3.745173745173745461e-01
3.764478764478764727e-01
3.783783783783783994e-01
3.803088803088803260e-01
3.822393822393822527e-01
3.841698841698841793e-01
3.861003861003861060e-01
3.880308880308880326e-01
3.899613899613899592e-01
3.918918918918918859e-01
3.938223938223938125e-01
3.957528957528957392e-01
3.976833976833976658e-01
3.996138996138996480e-01
4.015444015444015746e-01
4.034749034749035013e-01
4.054054054054054279e-01
4.073359073359073546e-01
4.092664092664092812e-01
4.111969111969112078e-01
4.131274131274131345e-01
4.150579150579150611e-01
4.169884169884169878e-01
4.189189189189189144e-01
4.208494208494208411e-01
4.227799227799227677e-01
4.247104247104246944e-01
4.266409266409266765e-01
4.285714285714286031e-01
4.305019305019305298e-01
4.324324324324324564e-01
4.343629343629343831e-01
4.362934362934363097e-01
4.382239382239382364e-01
4.401544401544401630e-01
4.420849420849420897e-01
4.440154440154440163e-01
4.459459459459459429e-01
4.478764478764478696e-01
4.498069498069497962e-01
4.517374517374517229e-01
4.536679536679537050e-01
4.555984555984556317e-01
4.575289575289575583e-01
4.594594594594594850e-01
4.613899613899614116e-01
4.633204633204633383e-01
4.652509652509652649e-01
4.671814671814671915e-01
4.691119691119691182e-01
4.710424710424710448e-01
4.729729729729729715e-01
4.749034749034748981e-01
4.768339768339768248e-01
4.787644787644787514e-01
4.806949806949807336e-01
4.826254826254826602e-01
4.845559845559845868e-01
4.864864864864865135e-01
4.884169884169884401e-01
4.903474903474903668e-01
4.922779922779922934e-01
4.942084942084942201e-01
4.961389961389961467e-01
4.980694980694980734e-01
5.000000000000000000e-01
