   4.2800000000000002e+00
   3.7799999999999998e+00
   3.4100000000000001e+00
   3.4100000000000001e+00
   3.0000000000000000e+00
   3.6499999999999999e+00
   3.8999999999999999e+00
   3.3399999999999999e+00
   3.2999999999999998e+00
   3.2999999999999998e+00
   3.9900000000000002e+00
   3.9399999999999999e+00
   3.5800000000000001e+00
   3.3700000000000001e+00
   3.3700000000000001e+00
   4.4500000000000002e+00
   3.2799999999999998e+00
   2.9300000000000002e+00
   3.4700000000000002e+00
   2.6899999999999999e+00
   2.6899999999999999e+00
   5.3700000000000001e+00
   5.7199999999999998e+00
   3.6800000000000002e+00
   3.4600000000000000e+00
   3.4600000000000000e+00
   3.0899999999999999e+00
   3.3100000000000001e+00
   4.0700000000000003e+00
   4.7999999999999998e+00
   3.8900000000000001e+00
   3.8900000000000001e+00
   4.6900000000000004e+00
   4.7500000000000000e+00
   4.4100000000000001e+00
   4.1200000000000001e+00
   4.1200000000000001e+00
   3.6299999999999999e+00
   3.3100000000000001e+00
   3.4199999999999999e+00
   3.3300000000000001e+00
   3.6699999999999999e+00
   3.6699999999999999e+00
   4.4100000000000001e+00
   3.2799999999999998e+00
   3.2599999999999998e+00
   2.2999999999999998e+00
   2.2999999999999998e+00
   3.3100000000000001e+00
   3.7700000000000000e+00
   4.2999999999999998e+00
   4.5099999999999998e+00
   3.8599999999999999e+00
   3.8599999999999999e+00
   4.3799999999999999e+00
   3.1200000000000001e+00
   3.4199999999999999e+00
   3.0000000000000000e+00
   3.0000000000000000e+00
   1.4099999999999999e+00
   1.4099999999999999e+00
   3.6600000000000001e+00
   4.1900000000000004e+00
   4.1600000000000001e+00
   4.1600000000000001e+00
   3.4199999999999999e+00
   3.2500000000000000e+00
   3.6600000000000001e+00
   3.2300000000000000e+00
   2.8900000000000001e+00
   2.8900000000000001e+00
   2.6299999999999999e+00
   3.5499999999999998e+00
   4.3200000000000003e+00
   3.4900000000000002e+00
   3.4900000000000002e+00
   4.2100000000000000e+00
   3.2200000000000002e+00
   3.6000000000000001e+00
   3.7100000000000000e+00
   4.0499999999999998e+00
   4.0499999999999998e+00
   4.2900000000000000e+00
   4.6100000000000003e+00
   5.3799999999999999e+00
   5.3399999999999999e+00
   5.3399999999999999e+00
   4.4400000000000004e+00
   5.8200000000000003e+00
   5.2100000000000000e+00
   5.6399999999999997e+00
   5.0700000000000003e+00
   5.0700000000000003e+00
   3.2900000000000000e+00
   4.9199999999999999e+00
   4.5099999999999998e+00
   4.4600000000000000e+00
   4.4600000000000000e+00
   3.6800000000000002e+00
   3.7999999999999998e+00
   3.4100000000000001e+00
   3.7799999999999998e+00
   4.1799999999999997e+00
   4.1799999999999997e+00
   4.0800000000000001e+00
   4.0800000000000001e+00
   2.5899999999999999e+00
   2.7100000000000000e+00
   2.7100000000000000e+00
   3.2200000000000002e+00
   3.0000000000000000e+00
   2.9300000000000002e+00
   3.7599999999999998e+00
   3.7100000000000000e+00
   3.7100000000000000e+00
   2.8500000000000001e+00
   2.0499999999999998e+00
   3.5800000000000001e+00
   2.6400000000000001e+00
   2.6400000000000001e+00
   3.1200000000000001e+00
   3.2200000000000002e+00
   3.8199999999999998e+00
   2.9900000000000002e+00
   1.7600000000000000e+00
   1.7600000000000000e+00
   1.7000000000000000e+00
   1.8799999999999999e+00
   9.7999999999999998e-01
   2.5600000000000001e+00
   2.5600000000000001e+00
   3.1899999999999999e+00
   2.7000000000000002e+00
   2.8900000000000001e+00
   3.2999999999999998e+00
   3.9500000000000002e+00
   3.9500000000000002e+00
   4.2599999999999998e+00
   5.5099999999999998e+00
   5.4299999999999997e+00
   6.2900000000000000e+00
   6.0800000000000001e+00
   6.0800000000000001e+00
   5.0999999999999996e+00
   5.4299999999999997e+00
   4.9299999999999997e+00
   4.5599999999999996e+00
   4.5599999999999996e+00
   3.5699999999999998e+00
   3.2400000000000002e+00
   2.8500000000000001e+00
   3.5899999999999999e+00
   4.7199999999999998e+00
   4.7199999999999998e+00
   4.9199999999999999e+00
   5.1100000000000003e+00
   5.9699999999999998e+00
   5.4000000000000004e+00
   5.4000000000000004e+00
   3.4300000000000002e+00
   4.0599999999999996e+00
   4.5700000000000003e+00
   4.4299999999999997e+00
   5.8899999999999997e+00
   5.8899999999999997e+00
   5.8499999999999996e+00
   5.3499999999999996e+00
   5.9199999999999999e+00
   4.8300000000000001e+00
   4.8300000000000001e+00
   3.5400000000000000e+00
   3.1899999999999999e+00
   4.4000000000000004e+00
   4.4500000000000002e+00
   3.6299999999999999e+00
   3.6299999999999999e+00
   4.0499999999999998e+00
   3.3300000000000001e+00
   3.7599999999999998e+00
   4.5300000000000002e+00
   4.5300000000000002e+00
   5.5599999999999996e+00
   5.4000000000000004e+00
   4.7999999999999998e+00
   5.6200000000000001e+00
   5.5400000000000000e+00
   5.5400000000000000e+00
   5.6699999999999999e+00
   5.8600000000000003e+00
   6.8399999999999999e+00
   6.2699999999999996e+00
   6.2699999999999996e+00
   5.7699999999999996e+00
   4.8200000000000003e+00
   3.1800000000000002e+00
   3.3500000000000001e+00
   3.3999999999999999e+00
   3.3999999999999999e+00
   4.2999999999999998e+00
   3.9700000000000002e+00
   4.4000000000000004e+00
   4.4699999999999998e+00
   4.4699999999999998e+00
   4.8099999999999996e+00
   5.0300000000000002e+00
   5.4400000000000004e+00
   4.2599999999999998e+00
   4.1600000000000001e+00
   4.1600000000000001e+00
   4.8300000000000001e+00
   5.2800000000000002e+00
   5.2900000000000000e+00
   5.2500000000000000e+00
   5.2500000000000000e+00
   5.8300000000000001e+00
   5.2699999999999996e+00
   5.4600000000000000e+00
   5.2400000000000002e+00
   4.1699999999999999e+00
   4.1699999999999999e+00
   3.9199999999999999e+00
   4.6799999999999997e+00
   5.1299999999999999e+00
   5.1399999999999997e+00
   5.1600000000000001e+00
   5.1600000000000001e+00
   5.3799999999999999e+00
   4.9400000000000004e+00
   3.8900000000000001e+00
   4.4800000000000004e+00
   4.4800000000000004e+00
   3.7700000000000000e+00
   3.4100000000000001e+00
   3.3199999999999998e+00
   4.2599999999999998e+00
   4.4500000000000002e+00
   4.4500000000000002e+00
   4.0499999999999998e+00
   4.3799999999999999e+00
   4.4100000000000001e+00
   4.5099999999999998e+00
   4.5099999999999998e+00
   4.9400000000000004e+00
   5.2599999999999998e+00
   5.9800000000000004e+00
   4.4299999999999997e+00
   4.1200000000000001e+00
   4.1200000000000001e+00
   3.6699999999999999e+00
   3.8500000000000001e+00
   4.2400000000000002e+00
   5.2800000000000002e+00
   5.2800000000000002e+00
   5.1299999999999999e+00
   5.3600000000000003e+00
   5.6600000000000001e+00
   5.5700000000000003e+00
   5.0899999999999999e+00
   5.0899999999999999e+00
   5.0300000000000002e+00
   5.2000000000000002e+00
   5.0599999999999996e+00
   4.2000000000000002e+00
   4.2000000000000002e+00
   4.4299999999999997e+00
   3.9199999999999999e+00
   3.7599999999999998e+00
   4.4900000000000002e+00
   2.6200000000000001e+00
   2.6200000000000001e+00
   3.2599999999999998e+00
   2.7100000000000000e+00
   3.3100000000000001e+00
   2.3999999999999999e+00
   2.3999999999999999e+00
   3.1200000000000001e+00
   4.3099999999999996e+00
   4.3799999999999999e+00
   4.0800000000000001e+00
   4.9400000000000004e+00
   4.9400000000000004e+00
   5.6600000000000001e+00
   6.2300000000000004e+00
   6.3300000000000001e+00
   5.1299999999999999e+00
   5.1299999999999999e+00
   3.8500000000000001e+00
   4.1399999999999997e+00
   2.2799999999999998e+00
   2.7300000000000000e+00
   2.9199999999999999e+00
   2.9199999999999999e+00
   3.3199999999999998e+00
   3.8900000000000001e+00
   5.2000000000000002e+00
   4.5400000000000000e+00
   3.1600000000000001e+00
   3.1600000000000001e+00
   3.4300000000000002e+00
   6.0999999999999996e+00
   4.8099999999999996e+00
   5.8499999999999996e+00
   5.8499999999999996e+00
   5.4000000000000004e+00
   4.8700000000000001e+00
   4.4800000000000004e+00
   4.5700000000000003e+00
   4.3200000000000003e+00
   4.3200000000000003e+00
   4.8700000000000001e+00
   5.8799999999999999e+00
   5.9100000000000001e+00
   6.5700000000000003e+00
   6.5700000000000003e+00
   6.3399999999999999e+00
   5.8899999999999997e+00
   6.2100000000000000e+00
   6.7900000000000000e+00
   5.1500000000000004e+00
   5.1500000000000004e+00
   5.7100000000000000e+00
   5.5499999999999998e+00
   5.4500000000000002e+00
   5.7900000000000000e+00
   5.7900000000000000e+00
   6.2900000000000000e+00
   5.8499999999999996e+00
   4.8700000000000001e+00
   5.4100000000000001e+00
   4.9900000000000002e+00
   4.9900000000000002e+00
   4.6500000000000004e+00
   5.2800000000000002e+00
   6.1699999999999999e+00
   5.3099999999999996e+00
   5.3099999999999996e+00
   5.7800000000000002e+00
   5.2800000000000002e+00
   4.0999999999999996e+00
   3.4300000000000002e+00
   3.1800000000000002e+00
   3.1800000000000002e+00
   4.8600000000000003e+00
   5.6100000000000003e+00
   5.5300000000000002e+00
   5.7699999999999996e+00
   5.7699999999999996e+00
   5.8799999999999999e+00
   5.8399999999999999e+00
   5.8499999999999996e+00
   5.7999999999999998e+00
   5.7100000000000000e+00
   5.7100000000000000e+00
   5.7999999999999998e+00
   4.6100000000000003e+00
   5.0099999999999998e+00
   4.7999999999999998e+00
   4.7999999999999998e+00
   5.0899999999999999e+00
   5.1399999999999997e+00
   4.8899999999999997e+00
   4.0899999999999999e+00
   4.8300000000000001e+00
   4.8300000000000001e+00
   4.9600000000000000e+00
   4.8200000000000003e+00
   4.0000000000000000e+00
   4.1900000000000004e+00
   3.5299999999999998e+00
   3.5299999999999998e+00
   3.9399999999999999e+00
   4.1399999999999997e+00
   3.9700000000000002e+00
   4.5499999999999998e+00
   4.5499999999999998e+00
   4.4199999999999999e+00
   5.1299999999999999e+00
   5.2300000000000004e+00
   5.2800000000000002e+00
   4.5999999999999996e+00
   4.5999999999999996e+00
   4.4100000000000001e+00
   3.9800000000000000e+00
   4.1299999999999999e+00
   4.0999999999999996e+00
   4.0999999999999996e+00
   4.6900000000000004e+00
   4.7699999999999996e+00
   4.4000000000000004e+00
   4.0700000000000003e+00
   4.4100000000000001e+00
   4.4100000000000001e+00
   4.4600000000000000e+00
   3.9199999999999999e+00
   3.6699999999999999e+00
   2.9300000000000002e+00
   2.9300000000000002e+00
   2.7999999999999998e+00
   3.9500000000000002e+00
   3.6499999999999999e+00
   4.0300000000000002e+00
   3.5899999999999999e+00
   3.5899999999999999e+00
   3.5699999999999998e+00
   3.8999999999999999e+00
   3.2700000000000000e+00
   3.8300000000000001e+00
   3.8300000000000001e+00
   3.8199999999999998e+00
   3.3399999999999999e+00
   3.2999999999999998e+00
   3.1899999999999999e+00
   4.0099999999999998e+00
   4.0099999999999998e+00
   3.5699999999999998e+00
   4.1799999999999997e+00
   4.3399999999999999e+00
   5.2800000000000002e+00
   5.2800000000000002e+00
   5.2900000000000000e+00
   4.8499999999999996e+00
   4.7900000000000000e+00
   4.1600000000000001e+00
   4.6399999999999997e+00
   4.6399999999999997e+00
   4.0899999999999999e+00
   4.2000000000000002e+00
   4.6500000000000004e+00
   4.3799999999999999e+00
   4.3799999999999999e+00
   3.8399999999999999e+00
   3.2000000000000002e+00
   3.7400000000000002e+00
   3.7000000000000002e+00
   4.5300000000000002e+00
   4.5300000000000002e+00
   4.7000000000000002e+00
   4.9000000000000004e+00
   4.3499999999999996e+00
   3.7999999999999998e+00
   3.7999999999999998e+00
   3.7999999999999998e+00
   3.9800000000000000e+00
   3.8599999999999999e+00
   3.5800000000000001e+00
   5.1299999999999999e+00
   5.1299999999999999e+00
   5.3700000000000001e+00
   5.6600000000000001e+00
   5.9900000000000002e+00
   6.1900000000000004e+00
   6.3600000000000003e+00
   6.3600000000000003e+00
   5.4100000000000001e+00
   4.6600000000000001e+00
   3.8500000000000001e+00
   3.6400000000000001e+00
   3.6400000000000001e+00
   4.2199999999999998e+00
   5.0999999999999996e+00
   3.8799999999999999e+00
   3.4700000000000002e+00
   4.1200000000000001e+00
   4.1200000000000001e+00
   3.8700000000000001e+00
   3.6499999999999999e+00
   3.3199999999999998e+00
   3.4100000000000001e+00
   3.4100000000000001e+00
   4.2100000000000000e+00
   4.5400000000000000e+00
   4.8499999999999996e+00
   5.6600000000000001e+00
   6.2900000000000000e+00
   6.2900000000000000e+00
   6.6100000000000003e+00
   6.5400000000000000e+00
   6.0199999999999996e+00
   5.8700000000000001e+00
   5.8700000000000001e+00
   5.5800000000000001e+00
   5.9400000000000004e+00
   5.5499999999999998e+00
   4.9800000000000004e+00
   5.4500000000000002e+00
   5.4500000000000002e+00
   5.1100000000000003e+00
   5.1500000000000004e+00
   6.0099999999999998e+00
   6.4900000000000002e+00
   6.4900000000000002e+00
   6.6600000000000001e+00
   6.1200000000000001e+00
   5.3099999999999996e+00
   4.8200000000000003e+00
   5.0300000000000002e+00
   5.0300000000000002e+00
   6.7900000000000000e+00
   5.7699999999999996e+00
   5.9000000000000004e+00
   5.5400000000000000e+00
   6.0000000000000000e+00
   6.0000000000000000e+00
   4.3399999999999999e+00
   5.0099999999999998e+00
   3.2300000000000000e+00
   3.5600000000000001e+00
   3.5600000000000001e+00
   2.7599999999999998e+00
   4.0300000000000002e+00
   4.9600000000000000e+00
   5.7000000000000002e+00
   6.0000000000000000e+00
   6.0000000000000000e+00
   5.2599999999999998e+00
   5.6699999999999999e+00
   4.5599999999999996e+00
   3.4500000000000002e+00
   3.4500000000000002e+00
   4.4900000000000002e+00
   4.6799999999999997e+00
   4.6500000000000004e+00
   3.4300000000000002e+00
   4.0700000000000003e+00
   4.0700000000000003e+00
   3.3500000000000001e+00
   3.3399999999999999e+00
   2.4800000000000000e+00
   2.9900000000000002e+00
   2.9900000000000002e+00
   3.0800000000000001e+00
   3.4100000000000001e+00
   3.3199999999999998e+00
   4.7400000000000002e+00
   4.7300000000000004e+00
   4.7300000000000004e+00
   4.1600000000000001e+00
   2.9199999999999999e+00
   3.1699999999999999e+00
   3.6299999999999999e+00
   3.6299999999999999e+00
   4.2300000000000004e+00
   4.1699999999999999e+00
   4.8099999999999996e+00
   3.9600000000000000e+00
   5.2800000000000002e+00
   5.2800000000000002e+00
   5.1500000000000004e+00
   4.5700000000000003e+00
   3.9900000000000002e+00
   4.6600000000000001e+00
   4.6600000000000001e+00
   4.5400000000000000e+00
   4.2000000000000002e+00
   2.9900000000000002e+00
   4.3799999999999999e+00
   4.4199999999999999e+00
   4.4199999999999999e+00
   3.6600000000000001e+00
   3.8599999999999999e+00
   3.9399999999999999e+00
   4.2599999999999998e+00
   4.2599999999999998e+00
   4.1299999999999999e+00
   4.8600000000000003e+00
   4.1399999999999997e+00
   3.9300000000000002e+00
   3.9300000000000002e+00
   3.9300000000000002e+00
   4.7500000000000000e+00
   4.1100000000000003e+00
   4.5300000000000002e+00
   4.2900000000000000e+00
   5.4199999999999999e+00
   5.4199999999999999e+00
   5.4699999999999998e+00
   5.5199999999999996e+00
   4.9100000000000001e+00
   4.0999999999999996e+00
   4.0999999999999996e+00
   4.0199999999999996e+00
   4.0800000000000001e+00
   4.3099999999999996e+00
   4.9299999999999997e+00
   4.9199999999999999e+00
   4.9199999999999999e+00
   6.1200000000000001e+00
   5.2199999999999998e+00
   4.9199999999999999e+00
   5.4299999999999997e+00
   5.4299999999999997e+00
   6.0000000000000000e+00
   5.6200000000000001e+00
   6.5300000000000002e+00
   7.0700000000000003e+00
   7.4400000000000004e+00
   7.4400000000000004e+00
   7.8200000000000003e+00
   7.3099999999999996e+00
   7.0400000000000000e+00
   7.0400000000000000e+00
   7.0400000000000000e+00
   6.7800000000000002e+00
   6.8200000000000003e+00
   6.9800000000000004e+00
   7.2199999999999998e+00
   7.2800000000000002e+00
   7.2800000000000002e+00
   7.1900000000000004e+00
   6.6399999999999997e+00
   7.0000000000000000e+00
   5.7199999999999998e+00
   5.7199999999999998e+00
   4.5400000000000000e+00
   6.2900000000000000e+00
   6.3399999999999999e+00
   6.1200000000000001e+00
   6.2599999999999998e+00
   6.2599999999999998e+00
   6.0599999999999996e+00
   6.5599999999999996e+00
   6.1600000000000001e+00
   5.9600000000000000e+00
   5.9600000000000000e+00
   6.0499999999999998e+00
   5.8099999999999996e+00
   6.3600000000000003e+00
   5.7199999999999998e+00
   4.5099999999999998e+00
   4.5099999999999998e+00
   4.4000000000000004e+00
   4.9400000000000004e+00
   4.6399999999999997e+00
   3.8100000000000001e+00
   3.8100000000000001e+00
   5.2000000000000002e+00
   5.2400000000000002e+00
   6.0800000000000001e+00
   4.3600000000000003e+00
   5.6699999999999999e+00
   5.6699999999999999e+00
   4.6399999999999997e+00
   4.3600000000000003e+00
   3.4500000000000002e+00
   4.0400000000000000e+00
   4.6299999999999999e+00
   4.6299999999999999e+00
   5.0599999999999996e+00
   5.5199999999999996e+00
   5.1799999999999997e+00
   4.7400000000000002e+00
   4.7400000000000002e+00
   5.0000000000000000e+00
   5.3099999999999996e+00
   3.6499999999999999e+00
   4.9400000000000004e+00
   4.8600000000000003e+00
   4.8600000000000003e+00
   4.5300000000000002e+00
   5.0899999999999999e+00
   5.1600000000000001e+00
   4.5999999999999996e+00
   4.5999999999999996e+00
   5.4400000000000004e+00
   5.6100000000000003e+00
   6.8700000000000001e+00
   5.3499999999999996e+00
   6.2800000000000002e+00
   6.2800000000000002e+00
   4.7599999999999998e+00
   4.2599999999999998e+00
   4.7000000000000002e+00
   4.4900000000000002e+00
   4.4900000000000002e+00
   4.2000000000000002e+00
   4.4900000000000002e+00
   4.6799999999999997e+00
   4.3099999999999996e+00
   4.3399999999999999e+00
   4.3399999999999999e+00
   5.1900000000000004e+00
   4.2100000000000000e+00
   5.2100000000000000e+00
   4.6299999999999999e+00
   4.6299999999999999e+00
   4.1100000000000003e+00
   4.3099999999999996e+00
   7.2300000000000004e+00
   7.6299999999999999e+00
   7.6200000000000001e+00
   7.6200000000000001e+00
   5.9400000000000004e+00
   5.7699999999999996e+00
   5.2300000000000004e+00
   5.2400000000000002e+00
   5.2400000000000002e+00
   4.8399999999999999e+00
   5.1799999999999997e+00
   5.2100000000000000e+00
   5.7999999999999998e+00
   6.4199999999999999e+00
   6.4199999999999999e+00
   6.2400000000000002e+00
   6.2199999999999998e+00
   6.0400000000000000e+00
   5.7599999999999998e+00
   5.7599999999999998e+00
   6.1600000000000001e+00
   5.7800000000000002e+00
   5.9900000000000002e+00
   5.0999999999999996e+00
   5.3200000000000003e+00
   5.3200000000000003e+00
   5.5099999999999998e+00
   5.9699999999999998e+00
   6.6699999999999999e+00
   5.9500000000000002e+00
   5.0099999999999998e+00
   5.0099999999999998e+00
   5.8499999999999996e+00
   6.4400000000000004e+00
   6.0800000000000001e+00
   5.4500000000000002e+00
   5.4500000000000002e+00
   6.3499999999999996e+00
   6.7699999999999996e+00
   5.9800000000000004e+00
   5.1799999999999997e+00
   5.1399999999999997e+00
   5.1399999999999997e+00
   4.5499999999999998e+00
   4.8099999999999996e+00
   4.9500000000000002e+00
   4.6299999999999999e+00
   4.6299999999999999e+00
   4.9699999999999998e+00
   4.4000000000000004e+00
   4.2900000000000000e+00
   4.2800000000000002e+00
   4.6699999999999999e+00
   4.6699999999999999e+00
   5.5499999999999998e+00
   5.5000000000000000e+00
   5.4500000000000002e+00
   5.2699999999999996e+00
   5.2699999999999996e+00
   4.9299999999999997e+00
   5.2300000000000004e+00
   4.8300000000000001e+00
   4.0099999999999998e+00
   4.5300000000000002e+00
   4.5300000000000002e+00
   4.6399999999999997e+00
   4.8799999999999999e+00
   4.3899999999999997e+00
   3.4700000000000002e+00
   3.4700000000000002e+00
   4.2999999999999998e+00
   4.7500000000000000e+00
   4.1200000000000001e+00
   3.5800000000000001e+00
   2.6099999999999999e+00
   2.6099999999999999e+00
   3.2100000000000000e+00
   3.7000000000000002e+00
   4.3899999999999997e+00
   4.6200000000000001e+00
   4.6200000000000001e+00
   5.3099999999999996e+00
   4.9800000000000004e+00
   6.1399999999999997e+00
   6.0899999999999999e+00
   5.2800000000000002e+00
   5.2800000000000002e+00
   5.5999999999999996e+00
   5.6799999999999997e+00
   5.8700000000000001e+00
   6.1600000000000001e+00
   6.1600000000000001e+00
   6.2000000000000002e+00
   6.0599999999999996e+00
   6.6699999999999999e+00
   7.5000000000000000e+00
   6.1799999999999997e+00
   6.1799999999999997e+00
   6.2100000000000000e+00
   5.6799999999999997e+00
   6.0800000000000001e+00
   6.2500000000000000e+00
   6.2500000000000000e+00
   5.5800000000000001e+00
   5.2000000000000002e+00
   4.8600000000000003e+00
   5.3899999999999997e+00
   6.4100000000000001e+00
   6.4100000000000001e+00
   5.6399999999999997e+00
   5.6200000000000001e+00
   4.8799999999999999e+00
   4.1500000000000004e+00
   3.4300000000000002e+00
   3.4300000000000002e+00
   3.3700000000000001e+00
   4.3099999999999996e+00
   5.5700000000000003e+00
   5.1100000000000003e+00
   5.1100000000000003e+00
   4.5599999999999996e+00
   4.5499999999999998e+00
   4.6799999999999997e+00
   5.0499999999999998e+00
   4.2900000000000000e+00
   4.2900000000000000e+00
   5.5199999999999996e+00
   6.0400000000000000e+00
   6.1399999999999997e+00
   5.5300000000000002e+00
   5.5300000000000002e+00
   5.2100000000000000e+00
   5.7199999999999998e+00
   5.9800000000000004e+00
   6.0999999999999996e+00
   5.8899999999999997e+00
   5.8899999999999997e+00
   5.3899999999999997e+00
   5.5400000000000000e+00
   4.7199999999999998e+00
   4.6100000000000003e+00
   4.6100000000000003e+00
   3.8100000000000001e+00
   3.7799999999999998e+00
   4.1500000000000004e+00
   3.5299999999999998e+00
   4.4400000000000004e+00
   4.4400000000000004e+00
   6.0599999999999996e+00
   4.6200000000000001e+00
   4.7300000000000004e+00
   4.0400000000000000e+00
   4.0400000000000000e+00
   2.4500000000000002e+00
   4.2800000000000002e+00
   5.2199999999999998e+00
   4.7300000000000004e+00
   5.0499999999999998e+00
   5.0499999999999998e+00
   5.2400000000000002e+00
   5.3399999999999999e+00
   5.0099999999999998e+00
   5.2100000000000000e+00
   5.2100000000000000e+00
   5.1399999999999997e+00
   4.8300000000000001e+00
   4.5499999999999998e+00
   5.2599999999999998e+00
   5.1699999999999999e+00
   5.1699999999999999e+00
   3.1400000000000001e+00
   3.3900000000000001e+00
   3.6000000000000001e+00
   4.7599999999999998e+00
   4.7599999999999998e+00
   4.1500000000000004e+00
   5.7400000000000002e+00
   5.5800000000000001e+00
   6.0099999999999998e+00
   5.4100000000000001e+00
   5.4100000000000001e+00
   5.2199999999999998e+00
   5.3200000000000003e+00
   5.3099999999999996e+00
   4.9600000000000000e+00
   4.9600000000000000e+00
   5.8799999999999999e+00
   5.6900000000000004e+00
   5.5499999999999998e+00
   6.0199999999999996e+00
   5.6299999999999999e+00
   5.6299999999999999e+00
   5.2100000000000000e+00
   5.0800000000000001e+00
   5.2500000000000000e+00
   5.2500000000000000e+00
   5.3799999999999999e+00
   5.3799999999999999e+00
   5.2599999999999998e+00
   5.2300000000000004e+00
   5.5099999999999998e+00
   5.4400000000000004e+00
   5.4400000000000004e+00
   4.8899999999999997e+00
   5.1600000000000001e+00
   5.2999999999999998e+00
   4.7300000000000004e+00
   3.0899999999999999e+00
   3.0899999999999999e+00
   3.8500000000000001e+00
   5.5099999999999998e+00
   4.0499999999999998e+00
   4.3899999999999997e+00
   4.3899999999999997e+00
   3.8700000000000001e+00
   4.3899999999999997e+00
   4.7000000000000002e+00
   4.2699999999999996e+00
   3.8700000000000001e+00
   3.8700000000000001e+00
   2.9500000000000002e+00
   6.3700000000000001e+00
   4.5300000000000002e+00
   6.8499999999999996e+00
   6.8499999999999996e+00
   8.1300000000000008e+00
   8.3300000000000001e+00
   7.4199999999999999e+00
   6.7100000000000000e+00
   6.7599999999999998e+00
   6.7599999999999998e+00
   5.8700000000000001e+00
   5.6200000000000001e+00
   5.9100000000000001e+00
   6.0000000000000000e+00
   6.0000000000000000e+00
   5.7100000000000000e+00
   5.0800000000000001e+00
   4.8099999999999996e+00
   5.4400000000000004e+00
   5.2100000000000000e+00
   5.2100000000000000e+00
   5.9299999999999997e+00
   6.9699999999999998e+00
   6.5099999999999998e+00
   8.7899999999999991e+00
   8.7899999999999991e+00
   7.9900000000000002e+00
   7.6900000000000004e+00
   7.1900000000000004e+00
   5.9600000000000000e+00
   6.7000000000000002e+00
   6.7000000000000002e+00
   8.3300000000000001e+00
   8.8100000000000005e+00
   8.4299999999999997e+00
   8.1300000000000008e+00
   8.1300000000000008e+00
   7.2100000000000000e+00
   6.9900000000000002e+00
   7.2599999999999998e+00
   7.0899999999999999e+00
   6.6100000000000003e+00
   6.6100000000000003e+00
   8.1699999999999999e+00
   8.5000000000000000e+00
   7.9699999999999998e+00
   7.5800000000000001e+00
   7.9800000000000004e+00
   7.9800000000000004e+00
   7.7199999999999998e+00
   7.0499999999999998e+00
   7.4299999999999997e+00
   8.2400000000000002e+00
   8.2400000000000002e+00
   7.6799999999999997e+00
   7.8300000000000001e+00
   7.8399999999999999e+00
   8.6600000000000001e+00
   6.3899999999999997e+00
   6.3899999999999997e+00
   5.3399999999999999e+00
   4.9199999999999999e+00
   5.5300000000000002e+00
   6.6100000000000003e+00
   6.6100000000000003e+00
   6.9000000000000004e+00
   7.1399999999999997e+00
   6.8799999999999999e+00
   7.5300000000000002e+00
   6.9600000000000000e+00
   6.9600000000000000e+00
   7.0099999999999998e+00
   7.1799999999999997e+00
   7.5499999999999998e+00
   6.4199999999999999e+00
   6.4199999999999999e+00
   7.7400000000000002e+00
   7.6500000000000004e+00
   7.4199999999999999e+00
   7.3099999999999996e+00
   6.9400000000000004e+00
   6.9400000000000004e+00
   6.8899999999999997e+00
   3.7100000000000000e+00
   5.4100000000000001e+00
   5.3300000000000001e+00
   5.3300000000000001e+00
   6.8700000000000001e+00
   4.9600000000000000e+00
   5.1299999999999999e+00
   4.6299999999999999e+00
   5.5499999999999998e+00
   5.5499999999999998e+00
   7.2999999999999998e+00
   7.1699999999999999e+00
   7.2599999999999998e+00
   7.0400000000000000e+00
   7.0400000000000000e+00
   5.5800000000000001e+00
   6.0499999999999998e+00
   8.0099999999999998e+00
   7.1299999999999999e+00
   7.5099999999999998e+00
   7.5099999999999998e+00
   6.7500000000000000e+00
   6.5899999999999999e+00
   6.7800000000000002e+00
   7.6100000000000003e+00
   7.6100000000000003e+00
   7.8799999999999999e+00
   7.2999999999999998e+00
   7.8600000000000003e+00
   6.8799999999999999e+00
   6.0899999999999999e+00
   6.0899999999999999e+00
   6.8300000000000001e+00
   7.6100000000000003e+00
   7.3399999999999999e+00
   7.0599999999999996e+00
   8.5800000000000001e+00
   8.5800000000000001e+00
   7.9199999999999999e+00
   7.6699999999999999e+00
   5.7699999999999996e+00
   6.2500000000000000e+00
   6.2500000000000000e+00
   6.9600000000000000e+00
   7.3899999999999997e+00
   7.0400000000000000e+00
   6.9699999999999998e+00
   6.9800000000000004e+00
   6.9800000000000004e+00
   6.7800000000000002e+00
   5.9500000000000002e+00
   3.7900000000000000e+00
   4.6399999999999997e+00
   4.6399999999999997e+00
   6.5099999999999998e+00
   6.3899999999999997e+00
   7.2199999999999998e+00
   7.2699999999999996e+00
   5.7199999999999998e+00
   5.7199999999999998e+00
   5.6799999999999997e+00
   6.0099999999999998e+00
   5.8300000000000001e+00
   5.7999999999999998e+00
   5.7999999999999998e+00
   5.8600000000000003e+00
   6.4699999999999998e+00
   6.3700000000000001e+00
   6.7500000000000000e+00
   6.5800000000000001e+00
   6.5800000000000001e+00
   5.6399999999999997e+00
   4.7800000000000002e+00
   4.1299999999999999e+00
   4.8799999999999999e+00
   4.8799999999999999e+00
   6.1799999999999997e+00
   6.6600000000000001e+00
   7.5099999999999998e+00
   7.3300000000000001e+00
   6.6500000000000004e+00
   6.6500000000000004e+00
   6.1200000000000001e+00
   5.7999999999999998e+00
   4.8700000000000001e+00
   4.6600000000000001e+00
   4.6600000000000001e+00
   4.7199999999999998e+00
   4.3499999999999996e+00
   2.4100000000000001e+00
   3.1000000000000001e+00
   2.9399999999999999e+00
   2.9399999999999999e+00
   3.0499999999999998e+00
   3.9800000000000000e+00
   2.9600000000000000e+00
   3.2700000000000000e+00
   3.2700000000000000e+00
   2.3399999999999999e+00
   2.0299999999999998e+00
   3.3700000000000001e+00
   3.8300000000000001e+00
   4.9400000000000004e+00
   4.9400000000000004e+00
   4.3399999999999999e+00
   4.9699999999999998e+00
   4.3799999999999999e+00
   3.6800000000000002e+00
   3.1899999999999999e+00
   3.1899999999999999e+00
   2.1000000000000001e+00
   3.1000000000000001e+00
   3.3799999999999999e+00
   4.1900000000000004e+00
   4.1900000000000004e+00
   4.4900000000000002e+00
   4.5099999999999998e+00
   2.6600000000000001e+00
   2.8700000000000001e+00
   1.7600000000000000e+00
   1.7600000000000000e+00
   2.1200000000000001e+00
   3.7000000000000002e+00
   2.8700000000000001e+00
   4.7999999999999998e+00
   4.7999999999999998e+00
   4.3399999999999999e+00
   4.9299999999999997e+00
   4.1900000000000004e+00
   4.2900000000000000e+00
   3.3500000000000001e+00
   3.3500000000000001e+00
   4.0199999999999996e+00
   3.0699999999999998e+00
   2.5000000000000000e+00
   4.1100000000000003e+00
   4.1100000000000003e+00
   2.4800000000000000e+00
   2.3599999999999999e+00
   2.9900000000000002e+00
   2.8799999999999999e+00
   3.4800000000000000e+00
   3.4800000000000000e+00
   3.8700000000000001e+00
   4.1399999999999997e+00
   4.0599999999999996e+00
   3.6899999999999999e+00
   3.6899999999999999e+00
   4.7300000000000004e+00
   4.1299999999999999e+00
   3.6299999999999999e+00
   3.6299999999999999e+00
   4.4199999999999999e+00
   4.4199999999999999e+00
   5.4199999999999999e+00
   5.1500000000000004e+00
   4.6100000000000003e+00
   4.1500000000000004e+00
   4.1500000000000004e+00
   3.2999999999999998e+00
   3.0899999999999999e+00
   2.7000000000000002e+00
   2.6899999999999999e+00
   5.5000000000000000e+00
   5.5000000000000000e+00
   4.3499999999999996e+00
   4.6900000000000004e+00
   4.0899999999999999e+00
   3.5800000000000001e+00
   3.5800000000000001e+00
   3.3700000000000001e+00
   2.7400000000000002e+00
   1.1699999999999999e+00
   4.2999999999999998e+00
   3.9300000000000002e+00
   3.9300000000000002e+00
   4.5999999999999996e+00
   4.5599999999999996e+00
   3.1000000000000001e+00
   5.3700000000000001e+00
   4.8399999999999999e+00
   4.8399999999999999e+00
   4.6500000000000004e+00
   5.9600000000000000e+00
   6.4500000000000002e+00
   6.9800000000000004e+00
   6.9800000000000004e+00
   7.4299999999999997e+00
   7.8300000000000001e+00
   6.2000000000000002e+00
   6.3799999999999999e+00
   7.0499999999999998e+00
   7.0499999999999998e+00
   6.9100000000000001e+00
   7.5199999999999996e+00
   7.0899999999999999e+00
   6.7199999999999998e+00
   6.7199999999999998e+00
   6.5499999999999998e+00
   6.7999999999999998e+00
   5.9400000000000004e+00
   6.1200000000000001e+00
   4.5099999999999998e+00
   4.5099999999999998e+00
   2.9300000000000002e+00
   2.7200000000000002e+00
   2.9700000000000002e+00
   5.0599999999999996e+00
   5.0599999999999996e+00
   7.0800000000000001e+00
   7.7100000000000000e+00
   6.9400000000000004e+00
   7.4699999999999998e+00
   8.0000000000000000e+00
   8.0000000000000000e+00
   6.3200000000000003e+00
   5.1299999999999999e+00
   7.4900000000000002e+00
   7.8099999999999996e+00
   7.8099999999999996e+00
   7.3399999999999999e+00
   6.6799999999999997e+00
   6.9699999999999998e+00
   7.9000000000000004e+00
   7.1200000000000001e+00
   7.1200000000000001e+00
   6.7000000000000002e+00
   5.7500000000000000e+00
   5.5499999999999998e+00
   7.1299999999999999e+00
   7.1299999999999999e+00
   5.7500000000000000e+00
   5.8899999999999997e+00
   6.7900000000000000e+00
   6.6799999999999997e+00
   7.0000000000000000e+00
   7.0000000000000000e+00
   6.1799999999999997e+00
   5.5599999999999996e+00
   6.5199999999999996e+00
   5.0599999999999996e+00
   5.0599999999999996e+00
   4.9199999999999999e+00
   6.0199999999999996e+00
   5.5999999999999996e+00
   5.7199999999999998e+00
   5.7000000000000002e+00
   5.7000000000000002e+00
   4.5999999999999996e+00
   4.2699999999999996e+00
   3.9600000000000000e+00
   5.4100000000000001e+00
   4.6900000000000004e+00
   4.6900000000000004e+00
   5.2400000000000002e+00
   6.0700000000000003e+00
   6.3600000000000003e+00
   6.1799999999999997e+00
   6.1799999999999997e+00
   5.6100000000000003e+00
   5.2699999999999996e+00
   5.4000000000000004e+00
   6.0400000000000000e+00
   5.8300000000000001e+00
   5.8300000000000001e+00
   5.5199999999999996e+00
   5.9500000000000002e+00
   5.9400000000000004e+00
   5.7999999999999998e+00
   5.7999999999999998e+00
   5.7800000000000002e+00
   5.6799999999999997e+00
   5.6299999999999999e+00
   6.4800000000000004e+00
   6.0800000000000001e+00
   6.0800000000000001e+00
   6.1299999999999999e+00
   5.8200000000000003e+00
   4.9500000000000002e+00
   5.3399999999999999e+00
   5.3399999999999999e+00
   6.1500000000000004e+00
   5.4400000000000004e+00
   3.7200000000000002e+00
   5.0099999999999998e+00
   7.2999999999999998e+00
   7.2999999999999998e+00
   4.9600000000000000e+00
   4.0700000000000003e+00
   4.5400000000000000e+00
   5.4000000000000004e+00
   5.4000000000000004e+00
   6.0000000000000000e+00
   5.9000000000000004e+00
   6.1799999999999997e+00
   5.7699999999999996e+00
   3.9800000000000000e+00
   3.9800000000000000e+00
   3.5800000000000001e+00
   3.2599999999999998e+00
   3.5000000000000000e+00
   5.1399999999999997e+00
   5.1399999999999997e+00
   4.7800000000000002e+00
   4.3200000000000003e+00
   6.4600000000000000e+00
   5.0300000000000002e+00
   5.0899999999999999e+00
   5.0899999999999999e+00
   4.7900000000000000e+00
   5.7000000000000002e+00
   6.1399999999999997e+00
   6.6100000000000003e+00
   6.6100000000000003e+00
   6.2999999999999998e+00
   5.9299999999999997e+00
   6.3300000000000001e+00
   6.0300000000000002e+00
   4.8200000000000003e+00
   4.8200000000000003e+00
   5.9100000000000001e+00
   4.6200000000000001e+00
   4.0000000000000000e+00
   4.1299999999999999e+00
   4.1299999999999999e+00
   4.4000000000000004e+00
   5.1299999999999999e+00
   6.0300000000000002e+00
   6.1399999999999997e+00
   5.7000000000000002e+00
   5.7000000000000002e+00
   5.1100000000000003e+00
   4.7999999999999998e+00
   4.7199999999999998e+00
   5.6900000000000004e+00
   5.4600000000000000e+00
   5.4600000000000000e+00
   4.7699999999999996e+00
   4.7900000000000000e+00
   4.5000000000000000e+00
   5.2300000000000004e+00
   5.2300000000000004e+00
   4.3799999999999999e+00
   4.6100000000000003e+00
   4.7300000000000004e+00
   4.5300000000000002e+00
   6.1500000000000004e+00
   6.1500000000000004e+00
   6.8200000000000003e+00
   6.2500000000000000e+00
   7.1699999999999999e+00
   6.4699999999999998e+00
   6.4699999999999998e+00
   4.5400000000000000e+00
   4.0199999999999996e+00
   3.6600000000000001e+00
   4.7000000000000002e+00
   5.7199999999999998e+00
   5.7199999999999998e+00
   5.1699999999999999e+00
   6.0499999999999998e+00
   7.0700000000000003e+00
   7.7699999999999996e+00
   7.7699999999999996e+00
   6.5999999999999996e+00
   6.0499999999999998e+00
   5.7100000000000000e+00
   5.1900000000000004e+00
   5.2800000000000002e+00
   5.2800000000000002e+00
   4.2699999999999996e+00
   4.8399999999999999e+00
   6.9500000000000002e+00
   6.1399999999999997e+00
   6.1399999999999997e+00
   6.2000000000000002e+00
   5.8700000000000001e+00
   6.5899999999999999e+00
   5.0199999999999996e+00
   5.2000000000000002e+00
   5.2000000000000002e+00
   5.0499999999999998e+00
   4.6799999999999997e+00
   4.7999999999999998e+00
   4.9199999999999999e+00
   4.9199999999999999e+00
   6.0800000000000001e+00
   6.1900000000000004e+00
   5.7100000000000000e+00
   5.6299999999999999e+00
   5.1600000000000001e+00
   5.1600000000000001e+00
   5.1799999999999997e+00
   6.3300000000000001e+00
   5.7599999999999998e+00
   5.8200000000000003e+00
   5.8200000000000003e+00
   5.8099999999999996e+00
   5.8399999999999999e+00
   5.8700000000000001e+00
   5.2400000000000002e+00
   5.4000000000000004e+00
   5.4000000000000004e+00
   5.9699999999999998e+00
   5.9400000000000004e+00
   5.2000000000000002e+00
   5.1200000000000001e+00
   5.3899999999999997e+00
   5.3899999999999997e+00
   5.2400000000000002e+00
   5.1299999999999999e+00
   5.2199999999999998e+00
   5.1900000000000004e+00
   5.1900000000000004e+00
   4.3300000000000001e+00
   4.5499999999999998e+00
   5.4100000000000001e+00
   5.4000000000000004e+00
   5.3899999999999997e+00
   5.3899999999999997e+00
   5.3600000000000003e+00
   5.4699999999999998e+00
   5.1600000000000001e+00
   4.1399999999999997e+00
   4.1399999999999997e+00
   3.8700000000000001e+00
   4.4900000000000002e+00
   4.2900000000000000e+00
   4.6799999999999997e+00
   4.9600000000000000e+00
   4.9600000000000000e+00
   4.2500000000000000e+00
   4.9199999999999999e+00
   4.8300000000000001e+00
   4.7000000000000002e+00
   4.7000000000000002e+00
   4.3600000000000003e+00
   4.3499999999999996e+00
   4.2300000000000004e+00
   3.6299999999999999e+00
   3.5099999999999998e+00
   3.5099999999999998e+00
   3.5499999999999998e+00
   3.7900000000000000e+00
   4.0199999999999996e+00
   3.8500000000000001e+00
   3.8500000000000001e+00
   4.6399999999999997e+00
   5.2500000000000000e+00
   4.2300000000000004e+00
   4.3099999999999996e+00
   4.0899999999999999e+00
   4.0899999999999999e+00
   4.5199999999999996e+00
   3.8599999999999999e+00
   2.5800000000000001e+00
   3.2200000000000002e+00
   3.2200000000000002e+00
   2.8100000000000001e+00
   2.4500000000000002e+00
   2.7400000000000002e+00
   4.1900000000000004e+00
   5.1100000000000003e+00
   5.1100000000000003e+00
   4.7100000000000000e+00
   5.3700000000000001e+00
   5.9800000000000004e+00
   4.7599999999999998e+00
   4.7599999999999998e+00
   5.9299999999999997e+00
   5.8899999999999997e+00
   5.8899999999999997e+00
   6.0400000000000000e+00
   5.9199999999999999e+00
   5.9199999999999999e+00
   5.4100000000000001e+00
   5.5899999999999999e+00
   4.8200000000000003e+00
   4.9600000000000000e+00
   5.0700000000000003e+00
   5.0700000000000003e+00
   4.8300000000000001e+00
   4.7000000000000002e+00
   5.4500000000000002e+00
   6.0099999999999998e+00
   6.0099999999999998e+00
   6.1299999999999999e+00
   5.2900000000000000e+00
   4.8300000000000001e+00
   5.4400000000000004e+00
   5.0300000000000002e+00
   5.0300000000000002e+00
   5.2400000000000002e+00
   5.0400000000000000e+00
   4.5599999999999996e+00
   4.3399999999999999e+00
   4.3399999999999999e+00
   4.7300000000000004e+00
   4.9400000000000004e+00
   4.6699999999999999e+00
   3.7400000000000002e+00
   3.1099999999999999e+00
   3.1099999999999999e+00
   4.5700000000000003e+00
   5.0899999999999999e+00
   6.0300000000000002e+00
   5.5199999999999996e+00
   5.5199999999999996e+00
   5.1600000000000001e+00
   4.7199999999999998e+00
   4.7199999999999998e+00
   5.3799999999999999e+00
   4.9400000000000004e+00
   4.9400000000000004e+00
   5.3200000000000003e+00
   5.9100000000000001e+00
   5.8099999999999996e+00
   6.0899999999999999e+00
   6.0899999999999999e+00
   5.1799999999999997e+00
   4.6699999999999999e+00
   4.8899999999999997e+00
   5.5300000000000002e+00
   5.7699999999999996e+00
   5.7699999999999996e+00
   5.2000000000000002e+00
   5.2400000000000002e+00
   5.0599999999999996e+00
   5.2400000000000002e+00
   5.2400000000000002e+00
   5.1900000000000004e+00
   5.8200000000000003e+00
   5.7500000000000000e+00
   5.5300000000000002e+00
   4.3499999999999996e+00
   4.3499999999999996e+00
   4.5099999999999998e+00
   4.7400000000000002e+00
   4.8600000000000003e+00
   4.6299999999999999e+00
   4.6299999999999999e+00
   5.1500000000000004e+00
   5.2900000000000000e+00
   5.5400000000000000e+00
   5.7000000000000002e+00
   5.5800000000000001e+00
   5.5800000000000001e+00
   5.7000000000000002e+00
   5.4000000000000004e+00
   5.0700000000000003e+00
   5.4500000000000002e+00
   4.2000000000000002e+00
   4.2000000000000002e+00
   4.2400000000000002e+00
   5.0000000000000000e+00
   5.3799999999999999e+00
   4.7000000000000002e+00
   4.7000000000000002e+00
   4.6500000000000004e+00
   3.6000000000000001e+00
   3.2700000000000000e+00
   3.5600000000000001e+00
   3.4600000000000000e+00
   3.4600000000000000e+00
   3.4800000000000000e+00
   3.2700000000000000e+00
   4.0700000000000003e+00
   5.0800000000000001e+00
   5.0800000000000001e+00
   6.1100000000000003e+00
   5.5599999999999996e+00
   5.2500000000000000e+00
   4.6799999999999997e+00
   3.7700000000000000e+00
   3.7700000000000000e+00
   3.1099999999999999e+00
   3.0099999999999998e+00
   4.4500000000000002e+00
   4.4500000000000002e+00
   4.4500000000000002e+00
   4.4000000000000004e+00
   5.1799999999999997e+00
   5.5099999999999998e+00
   4.3499999999999996e+00
   4.5899999999999999e+00
   4.5899999999999999e+00
   4.9199999999999999e+00
   5.0000000000000000e+00
   4.5400000000000000e+00
   5.3499999999999996e+00
   5.3499999999999996e+00
   4.8700000000000001e+00
   5.6799999999999997e+00
   6.0300000000000002e+00
   5.9600000000000000e+00
   6.4699999999999998e+00
   6.4699999999999998e+00
   6.5000000000000000e+00
   6.7300000000000004e+00
   5.7400000000000002e+00
   5.4600000000000000e+00
   5.4600000000000000e+00
   6.0499999999999998e+00
   2.7599999999999998e+00
   2.7000000000000002e+00
   4.2999999999999998e+00
   5.7400000000000002e+00
   5.7400000000000002e+00
   5.8300000000000001e+00
   6.4600000000000000e+00
   5.5099999999999998e+00
   5.8099999999999996e+00
   5.8099999999999996e+00
   7.1399999999999997e+00
   7.9100000000000001e+00
   7.4400000000000004e+00
   7.4100000000000001e+00
   6.6200000000000001e+00
   6.6200000000000001e+00
   5.6299999999999999e+00
   6.0999999999999996e+00
   6.6399999999999997e+00
   7.1399999999999997e+00
   7.1399999999999997e+00
   7.7100000000000000e+00
   7.7900000000000000e+00
   6.9699999999999998e+00
   5.7000000000000002e+00
   6.4500000000000002e+00
   6.4500000000000002e+00
   7.0599999999999996e+00
   6.7100000000000000e+00
   7.4199999999999999e+00
   6.9500000000000002e+00
   6.5700000000000003e+00
   6.5700000000000003e+00
   4.0999999999999996e+00
   5.1100000000000003e+00
   5.4000000000000004e+00
   6.7900000000000000e+00
   6.7900000000000000e+00
   7.5999999999999996e+00
   6.5999999999999996e+00
   6.0300000000000002e+00
   6.7699999999999996e+00
   6.0300000000000002e+00
   6.0300000000000002e+00
   6.2900000000000000e+00
   5.3799999999999999e+00
   4.2599999999999998e+00
   6.5099999999999998e+00
   6.5099999999999998e+00
   6.7300000000000004e+00
   7.9199999999999999e+00
   6.9400000000000004e+00
   7.1699999999999999e+00
   8.1600000000000001e+00
   8.1600000000000001e+00
   8.2699999999999996e+00
   7.3399999999999999e+00
   6.9000000000000004e+00
   5.7000000000000002e+00
   5.7000000000000002e+00
   6.8300000000000001e+00
   7.5599999999999996e+00
   7.2300000000000004e+00
   7.1699999999999999e+00
   7.0300000000000002e+00
   7.0300000000000002e+00
   7.0599999999999996e+00
   7.0800000000000001e+00
   7.8799999999999999e+00
   8.3200000000000003e+00
   8.3200000000000003e+00
   7.6900000000000004e+00
   7.4100000000000001e+00
   6.7500000000000000e+00
   7.0700000000000003e+00
   8.0299999999999994e+00
   8.0299999999999994e+00
   8.0099999999999998e+00
   8.5899999999999999e+00
   6.0199999999999996e+00
   6.1200000000000001e+00
   6.1200000000000001e+00
   6.5499999999999998e+00
   7.3899999999999997e+00
   7.3200000000000003e+00
   8.9499999999999993e+00
   8.6999999999999993e+00
   8.6999999999999993e+00
   8.1799999999999997e+00
   7.8300000000000001e+00
   8.4800000000000004e+00
   8.5500000000000007e+00
   8.5500000000000007e+00
   8.3399999999999999e+00
   7.6100000000000003e+00
   7.6500000000000004e+00
   7.7000000000000002e+00
   7.8600000000000003e+00
   7.8600000000000003e+00
   8.5600000000000005e+00
   7.4500000000000002e+00
   6.5700000000000003e+00
   6.4500000000000002e+00
   4.2500000000000000e+00
   4.2500000000000000e+00
   4.7900000000000000e+00
   6.7599999999999998e+00
   7.2100000000000000e+00
   7.5400000000000000e+00
   7.5400000000000000e+00
   7.0400000000000000e+00
   7.7300000000000004e+00
   8.3399999999999999e+00
   7.3399999999999999e+00
   7.6500000000000004e+00
   7.6500000000000004e+00
   7.6500000000000004e+00
   7.6299999999999999e+00
   7.6600000000000001e+00
   7.6699999999999999e+00
   7.6699999999999999e+00
   7.0999999999999996e+00
   7.6399999999999997e+00
   7.3399999999999999e+00
   6.9699999999999998e+00
   7.5000000000000000e+00
   7.5000000000000000e+00
   7.2599999999999998e+00
   6.6299999999999999e+00
   6.1299999999999999e+00
   5.8499999999999996e+00
   5.8499999999999996e+00
   6.4800000000000004e+00
   6.7599999999999998e+00
   7.3499999999999996e+00
   6.6399999999999997e+00
   7.0400000000000000e+00
   7.0400000000000000e+00
   6.7699999999999996e+00
   6.7599999999999998e+00
   6.0300000000000002e+00
   5.7400000000000002e+00
   5.7400000000000002e+00
   6.0000000000000000e+00
   5.6799999999999997e+00
   4.7000000000000002e+00
   5.9900000000000002e+00
   6.1299999999999999e+00
   6.1299999999999999e+00
   5.8600000000000003e+00
   5.7199999999999998e+00
   5.3499999999999996e+00
   5.4000000000000004e+00
   5.4000000000000004e+00
   4.7800000000000002e+00
   4.7000000000000002e+00
   4.3600000000000003e+00
   5.1399999999999997e+00
   6.0099999999999998e+00
   6.0099999999999998e+00
   3.4199999999999999e+00
   4.8499999999999996e+00
   6.1600000000000001e+00
   4.9199999999999999e+00
   4.9199999999999999e+00
   3.9500000000000002e+00
   3.7400000000000002e+00
   2.2599999999999998e+00
   4.3300000000000001e+00
   5.2900000000000000e+00
   5.2900000000000000e+00
   6.3799999999999999e+00
   6.3099999999999996e+00
   7.4000000000000004e+00
   7.5800000000000001e+00
   5.6200000000000001e+00
   5.6200000000000001e+00
   5.9400000000000004e+00
   3.6499999999999999e+00
   3.5499999999999998e+00
   4.9299999999999997e+00
   4.9299999999999997e+00
   6.3300000000000001e+00
   5.9299999999999997e+00
   6.0700000000000003e+00
   5.0700000000000003e+00
   5.9199999999999999e+00
   5.9199999999999999e+00
   5.6900000000000004e+00
   5.4000000000000004e+00
   6.7800000000000002e+00
   5.6200000000000001e+00
   5.6200000000000001e+00
   5.0899999999999999e+00
   4.9400000000000004e+00
   4.9100000000000001e+00
   4.6200000000000001e+00
   5.1699999999999999e+00
   5.1699999999999999e+00
   5.0199999999999996e+00
   5.7999999999999998e+00
   6.2599999999999998e+00
   5.7999999999999998e+00
   5.7999999999999998e+00
   5.5400000000000000e+00
   5.5400000000000000e+00
   5.7100000000000000e+00
   4.9500000000000002e+00
   5.7900000000000000e+00
   5.7900000000000000e+00
   4.9699999999999998e+00
   5.5300000000000002e+00
   5.2500000000000000e+00
   5.2699999999999996e+00
   5.2699999999999996e+00
   4.9500000000000002e+00
   4.5199999999999996e+00
   4.4400000000000004e+00
   5.4699999999999998e+00
   5.5400000000000000e+00
   5.5400000000000000e+00
   5.5499999999999998e+00
   4.2100000000000000e+00
   4.1399999999999997e+00
   4.5400000000000000e+00
   4.5400000000000000e+00
   4.4100000000000001e+00
   4.2100000000000000e+00
   5.6900000000000004e+00
   4.1200000000000001e+00
   3.9100000000000001e+00
   3.9100000000000001e+00
   4.5300000000000002e+00
   3.7300000000000000e+00
   3.8999999999999999e+00
   4.9600000000000000e+00
   4.9600000000000000e+00
   5.1600000000000001e+00
   4.5999999999999996e+00
   4.2699999999999996e+00
   4.8600000000000003e+00
   4.5899999999999999e+00
   4.5899999999999999e+00
   5.4100000000000001e+00
   5.4299999999999997e+00
   5.6299999999999999e+00
   4.9900000000000002e+00
   4.9199999999999999e+00
   4.9199999999999999e+00
   5.7599999999999998e+00
   5.9699999999999998e+00
   5.7900000000000000e+00
   6.2199999999999998e+00
   6.2199999999999998e+00
   6.5400000000000000e+00
   5.6799999999999997e+00
   6.6799999999999997e+00
   6.3899999999999997e+00
   6.1600000000000001e+00
   6.1600000000000001e+00
   5.6600000000000001e+00
   6.3499999999999996e+00
   6.2800000000000002e+00
   6.5400000000000000e+00
   6.5400000000000000e+00
   6.8899999999999997e+00
   5.5300000000000002e+00
   5.7999999999999998e+00
   5.8099999999999996e+00
   6.0499999999999998e+00
   6.0499999999999998e+00
   7.5099999999999998e+00
   8.4900000000000002e+00
   8.1699999999999999e+00
   8.1400000000000006e+00
   8.1400000000000006e+00
   7.7999999999999998e+00
   8.7100000000000009e+00
   9.0000000000000000e+00
   7.0700000000000003e+00
   5.8300000000000001e+00
   5.8300000000000001e+00
   7.5999999999999996e+00
   7.5400000000000000e+00
   6.8799999999999999e+00
   8.0999999999999996e+00
   8.0999999999999996e+00
   6.4699999999999998e+00
   6.8300000000000001e+00
   7.3399999999999999e+00
   7.6399999999999997e+00
   8.1500000000000004e+00
   8.1500000000000004e+00
   7.9600000000000000e+00
   7.2500000000000000e+00
   6.9600000000000000e+00
   7.3700000000000001e+00
   7.3700000000000001e+00
   6.9600000000000000e+00
   8.1699999999999999e+00
   8.4700000000000006e+00
   7.8399999999999999e+00
   8.2699999999999996e+00
   8.2699999999999996e+00
   7.1799999999999997e+00
   8.1099999999999994e+00
   7.6200000000000001e+00
   8.1400000000000006e+00
   8.1400000000000006e+00
   8.0000000000000000e+00
   8.0500000000000007e+00
   7.4100000000000001e+00
   7.2900000000000000e+00
   6.5400000000000000e+00
   6.5400000000000000e+00
   6.0000000000000000e+00
   7.0099999999999998e+00
   6.4000000000000004e+00
   7.5599999999999996e+00
   7.7800000000000002e+00
   7.7800000000000002e+00
   7.8499999999999996e+00
   7.8899999999999997e+00
   7.5999999999999996e+00
   7.1900000000000004e+00
   7.1900000000000004e+00
   6.9600000000000000e+00
   6.8399999999999999e+00
   7.5700000000000003e+00
   7.3700000000000001e+00
   7.3700000000000001e+00
   7.3700000000000001e+00
   6.2500000000000000e+00
   4.7000000000000002e+00
   5.4100000000000001e+00
   7.0099999999999998e+00
   7.0099999999999998e+00
   6.8799999999999999e+00
   8.8399999999999999e+00
   7.2400000000000002e+00
   6.9100000000000001e+00
   7.3399999999999999e+00
   7.3399999999999999e+00
   7.5999999999999996e+00
   7.0700000000000003e+00
   7.3099999999999996e+00
   7.9400000000000004e+00
   7.9400000000000004e+00
   6.8300000000000001e+00
   5.0099999999999998e+00
   3.6299999999999999e+00
   4.9500000000000002e+00
   5.0499999999999998e+00
   5.0499999999999998e+00
   5.5999999999999996e+00
   7.1399999999999997e+00
   6.6100000000000003e+00
   5.5499999999999998e+00
   5.5499999999999998e+00
   6.5199999999999996e+00
   6.2800000000000002e+00
   5.4900000000000002e+00
   6.7400000000000002e+00
   7.5199999999999996e+00
   7.5199999999999996e+00
   8.1500000000000004e+00
   6.8300000000000001e+00
   6.4600000000000000e+00
   6.9299999999999997e+00
   6.9299999999999997e+00
   6.3799999999999999e+00
   6.6200000000000001e+00
   6.9199999999999999e+00
   7.3300000000000001e+00
   6.7800000000000002e+00
   6.7800000000000002e+00
   6.5899999999999999e+00
   6.6299999999999999e+00
   6.7900000000000000e+00
   7.4900000000000002e+00
   7.4900000000000002e+00
   8.1899999999999995e+00
   7.8300000000000001e+00
   7.9199999999999999e+00
   5.7100000000000000e+00
   6.7500000000000000e+00
   6.7500000000000000e+00
   7.1799999999999997e+00
   7.4000000000000004e+00
   7.5800000000000001e+00
   8.5800000000000001e+00
   7.6699999999999999e+00
   7.6699999999999999e+00
   7.3700000000000001e+00
   7.1399999999999997e+00
   7.2900000000000000e+00
   6.8600000000000003e+00
   6.8600000000000003e+00
   7.1900000000000004e+00
   6.7500000000000000e+00
   7.6500000000000004e+00
   7.7100000000000000e+00
   6.4299999999999997e+00
   6.4299999999999997e+00
   6.7699999999999996e+00
   6.9299999999999997e+00
   6.0099999999999998e+00
   6.5700000000000003e+00
   6.5700000000000003e+00
   5.8200000000000003e+00
   5.8600000000000003e+00
   6.6100000000000003e+00
   6.3499999999999996e+00
   7.2199999999999998e+00
   7.2199999999999998e+00
   6.9199999999999999e+00
   5.9500000000000002e+00
   6.4100000000000001e+00
   6.6799999999999997e+00
   6.6799999999999997e+00
   6.9000000000000004e+00
   6.5599999999999996e+00
   6.2800000000000002e+00
   6.8899999999999997e+00
   5.8799999999999999e+00
   5.8799999999999999e+00
   5.6100000000000003e+00
   6.0899999999999999e+00
   4.9299999999999997e+00
   4.4299999999999997e+00
   4.4299999999999997e+00
   4.8399999999999999e+00
   3.8399999999999999e+00
   4.5000000000000000e+00
   6.2000000000000002e+00
   5.5499999999999998e+00
   5.5499999999999998e+00
   5.4000000000000004e+00
   5.7199999999999998e+00
   5.6600000000000001e+00
   5.0599999999999996e+00
   5.0599999999999996e+00
   5.1399999999999997e+00
   5.2900000000000000e+00
   5.5899999999999999e+00
   5.9800000000000004e+00
   5.7199999999999998e+00
   5.7199999999999998e+00
   4.8200000000000003e+00
   4.2000000000000002e+00
   5.6799999999999997e+00
   6.3300000000000001e+00
   6.3300000000000001e+00
   5.5599999999999996e+00
   4.9600000000000000e+00
   4.9699999999999998e+00
   5.2300000000000004e+00
   4.5800000000000001e+00
   4.5800000000000001e+00
   4.4299999999999997e+00
   6.5499999999999998e+00
   5.5400000000000000e+00
   6.0000000000000000e+00
   6.0000000000000000e+00
   5.0999999999999996e+00
   4.0800000000000001e+00
   3.8100000000000001e+00
   4.8300000000000001e+00
   4.4400000000000004e+00
   4.4400000000000004e+00
   5.2400000000000002e+00
   5.2000000000000002e+00
   3.4800000000000000e+00
   3.9300000000000002e+00
   3.9300000000000002e+00
   5.3399999999999999e+00
   5.8499999999999996e+00
   6.6900000000000004e+00
   6.4100000000000001e+00
   6.1500000000000004e+00
   6.1500000000000004e+00
   5.2900000000000000e+00
   4.7000000000000002e+00
   5.6500000000000004e+00
   6.9900000000000002e+00
   6.5499999999999998e+00
   6.5499999999999998e+00
   7.0199999999999996e+00
   6.5899999999999999e+00
   6.5899999999999999e+00
   6.9699999999999998e+00
   6.9699999999999998e+00
   7.2100000000000000e+00
   7.4900000000000002e+00
   7.4299999999999997e+00
   7.7199999999999998e+00
   7.2900000000000000e+00
   7.2900000000000000e+00
   6.7900000000000000e+00
   5.7699999999999996e+00
   4.5499999999999998e+00
   5.6500000000000004e+00
   5.6500000000000004e+00
   5.3099999999999996e+00
   5.7699999999999996e+00
   7.1500000000000004e+00
   6.4299999999999997e+00
   6.4400000000000004e+00
   6.4400000000000004e+00
   7.2999999999999998e+00
   6.5300000000000002e+00
   7.8600000000000003e+00
   6.5700000000000003e+00
   6.5700000000000003e+00
   6.7100000000000000e+00
   6.4299999999999997e+00
   6.2599999999999998e+00
   6.4900000000000002e+00
   6.3899999999999997e+00
   6.3899999999999997e+00
   7.2199999999999998e+00
   6.7999999999999998e+00
   7.4400000000000004e+00
   6.3700000000000001e+00
   6.3700000000000001e+00
   7.2199999999999998e+00
   7.2599999999999998e+00
   7.4600000000000000e+00
   6.9199999999999999e+00
   6.9800000000000004e+00
   6.9800000000000004e+00
   7.0300000000000002e+00
   6.7199999999999998e+00
   6.2999999999999998e+00
   6.3099999999999996e+00
   6.3099999999999996e+00
   6.4900000000000002e+00
   6.5599999999999996e+00
   7.7800000000000002e+00
   7.6399999999999997e+00
   6.2100000000000000e+00
   6.2100000000000000e+00
   4.7599999999999998e+00
   6.1900000000000004e+00
   7.8600000000000003e+00
   8.4700000000000006e+00
   8.6699999999999999e+00
   8.6699999999999999e+00
   7.3899999999999997e+00
   7.4299999999999997e+00
   7.7800000000000002e+00
   8.5000000000000000e+00
   8.5000000000000000e+00
   7.3300000000000001e+00
   8.4199999999999999e+00
   7.7999999999999998e+00
   7.5000000000000000e+00
   6.7100000000000000e+00
   6.7100000000000000e+00
   5.9699999999999998e+00
   6.0700000000000003e+00
   6.0499999999999998e+00
   6.2300000000000004e+00
   6.2300000000000004e+00
   5.1299999999999999e+00
   5.5700000000000003e+00
   5.8099999999999996e+00
   6.8099999999999996e+00
   7.0099999999999998e+00
   7.0099999999999998e+00
   7.1500000000000004e+00
   7.2599999999999998e+00
   7.1299999999999999e+00
   6.5999999999999996e+00
   6.5999999999999996e+00
   6.5999999999999996e+00
   6.6299999999999999e+00
   7.5000000000000000e+00
   7.7800000000000002e+00
   7.4400000000000004e+00
   7.4400000000000004e+00
   6.9900000000000002e+00
   5.7800000000000002e+00
   6.2500000000000000e+00
   6.0999999999999996e+00
   6.0999999999999996e+00
   5.6399999999999997e+00
   5.6600000000000001e+00
   5.1299999999999999e+00
   5.6299999999999999e+00
   4.1600000000000001e+00
   4.1600000000000001e+00
   3.7400000000000002e+00
   4.7599999999999998e+00
   6.5499999999999998e+00
   4.2500000000000000e+00
   4.2500000000000000e+00
   4.9400000000000004e+00
   6.5599999999999996e+00
   6.0800000000000001e+00
   5.2800000000000002e+00
   6.5700000000000003e+00
   6.5700000000000003e+00
   6.4800000000000004e+00
   5.2800000000000002e+00
   4.7300000000000004e+00
   5.2500000000000000e+00
   5.2500000000000000e+00
   5.5599999999999996e+00
   5.4900000000000002e+00
   5.6600000000000001e+00
   5.5800000000000001e+00
   5.9900000000000002e+00
   5.9900000000000002e+00
   5.7500000000000000e+00
   7.0899999999999999e+00
   6.7599999999999998e+00
   6.5300000000000002e+00
   6.2599999999999998e+00
   6.2599999999999998e+00
   6.8399999999999999e+00
   6.4699999999999998e+00
   5.5099999999999998e+00
   5.2599999999999998e+00
   5.2599999999999998e+00
   5.1799999999999997e+00
   5.4500000000000002e+00
   5.5700000000000003e+00
   5.4600000000000000e+00
   6.1600000000000001e+00
   6.1600000000000001e+00
   5.7199999999999998e+00
   5.4600000000000000e+00
   5.4800000000000004e+00
   6.6100000000000003e+00
   6.6100000000000003e+00
   6.1699999999999999e+00
   6.7000000000000002e+00
   6.6100000000000003e+00
   7.0099999999999998e+00
   6.6500000000000004e+00
   6.6500000000000004e+00
   6.1200000000000001e+00
   6.4900000000000002e+00
   7.9199999999999999e+00
   7.1900000000000004e+00
   7.1900000000000004e+00
   8.4199999999999999e+00
   6.9100000000000001e+00
   3.8500000000000001e+00
   3.8300000000000001e+00
   5.3499999999999996e+00
   5.3499999999999996e+00
   6.1699999999999999e+00
   6.8399999999999999e+00
   6.6699999999999999e+00
   5.7300000000000004e+00
   5.7300000000000004e+00
   5.5499999999999998e+00
   6.1399999999999997e+00
   4.8799999999999999e+00
   5.3899999999999997e+00
   5.4000000000000004e+00
   5.4000000000000004e+00
   6.5999999999999996e+00
   6.8799999999999999e+00
   7.3200000000000003e+00
   7.3899999999999997e+00
   7.3899999999999997e+00
   6.2400000000000002e+00
   6.5300000000000002e+00
   7.3600000000000003e+00
   6.1799999999999997e+00
   6.5999999999999996e+00
   6.5999999999999996e+00
   7.0599999999999996e+00
   6.6299999999999999e+00
   7.4800000000000004e+00
   5.8399999999999999e+00
   5.8399999999999999e+00
   5.5800000000000001e+00
   6.2800000000000002e+00
   5.6200000000000001e+00
   7.3200000000000003e+00
   6.9299999999999997e+00
   6.9299999999999997e+00
   5.0800000000000001e+00
   5.2400000000000002e+00
   4.2500000000000000e+00
   3.4100000000000001e+00
   3.7200000000000002e+00
   3.7200000000000002e+00
   3.1499999999999999e+00
   4.6200000000000001e+00
   5.2900000000000000e+00
   7.0700000000000003e+00
   7.0700000000000003e+00
   6.4600000000000000e+00
   5.9000000000000004e+00
   6.0899999999999999e+00
   5.7599999999999998e+00
   4.2800000000000002e+00
   4.2800000000000002e+00
   5.3499999999999996e+00
   6.0400000000000000e+00
   5.9400000000000004e+00
   5.0000000000000000e+00
   5.0000000000000000e+00
   4.7000000000000002e+00
   4.1299999999999999e+00
   3.7999999999999998e+00
   2.8599999999999999e+00
   3.0899999999999999e+00
   3.0899999999999999e+00
   2.8100000000000001e+00
   3.5600000000000001e+00
   3.9399999999999999e+00
   4.8399999999999999e+00
   4.8399999999999999e+00
   4.0199999999999996e+00
   5.0800000000000001e+00
   4.4199999999999999e+00
   5.7999999999999998e+00
   5.0499999999999998e+00
   5.0499999999999998e+00
   5.4800000000000004e+00
   3.7200000000000002e+00
   3.8300000000000001e+00
   3.5099999999999998e+00
   3.5099999999999998e+00
   3.2700000000000000e+00
   4.8300000000000001e+00
   4.8600000000000003e+00
   4.9699999999999998e+00
   4.5400000000000000e+00
   4.5400000000000000e+00
   4.1900000000000004e+00
   4.5700000000000003e+00
   5.2000000000000002e+00
   5.4000000000000004e+00
   5.4000000000000004e+00
   4.3499999999999996e+00
   5.5899999999999999e+00
   5.1900000000000004e+00
   3.5499999999999998e+00
   3.8799999999999999e+00
   3.8799999999999999e+00
   5.4800000000000004e+00
   4.7400000000000002e+00
   5.8700000000000001e+00
   5.4400000000000004e+00
   5.4400000000000004e+00
   7.1200000000000001e+00
   7.7300000000000004e+00
   9.1099999999999994e+00
   9.4100000000000001e+00
   8.1999999999999993e+00
   8.1999999999999993e+00
   7.9900000000000002e+00
   6.4199999999999999e+00
   5.3200000000000003e+00
   7.8099999999999996e+00
   7.8099999999999996e+00
   7.8200000000000003e+00
   8.7699999999999996e+00
   9.1500000000000004e+00
   9.3300000000000001e+00
   8.7300000000000004e+00
   8.7300000000000004e+00
   8.0700000000000003e+00
   8.1600000000000001e+00
   8.9399999999999995e+00
   9.1899999999999995e+00
   8.8800000000000008e+00
   8.8800000000000008e+00
   8.9100000000000001e+00
   9.0600000000000005e+00
   8.4800000000000004e+00
   8.9499999999999993e+00
   8.9499999999999993e+00
   9.0800000000000001e+00
   7.9699999999999998e+00
   8.0199999999999996e+00
   8.3599999999999994e+00
   8.3499999999999996e+00
   8.3499999999999996e+00
   7.5499999999999998e+00
   8.9199999999999999e+00
   8.0099999999999998e+00
   5.0099999999999998e+00
   5.0099999999999998e+00
   4.9500000000000002e+00
   6.2900000000000000e+00
   6.3399999999999999e+00
   6.2000000000000002e+00
   7.1299999999999999e+00
   7.1299999999999999e+00
   6.7500000000000000e+00
   6.9500000000000002e+00
   5.7900000000000000e+00
   4.9800000000000004e+00
   4.9800000000000004e+00
   5.0000000000000000e+00
   5.8200000000000003e+00
   6.0899999999999999e+00
   7.4500000000000002e+00
   6.3799999999999999e+00
   6.3799999999999999e+00
   6.6299999999999999e+00
   6.3499999999999996e+00
   6.7400000000000002e+00
   5.7300000000000004e+00
   5.7300000000000004e+00
   3.9700000000000002e+00
   4.6100000000000003e+00
   5.6900000000000004e+00
   4.5800000000000001e+00
   4.3700000000000001e+00
   4.3700000000000001e+00
   3.2200000000000002e+00
   4.4900000000000002e+00
   4.9500000000000002e+00
   6.7999999999999998e+00
   6.7999999999999998e+00
   6.5899999999999999e+00
   5.5099999999999998e+00
   5.3799999999999999e+00
   4.8899999999999997e+00
   4.3099999999999996e+00
   4.3099999999999996e+00
   5.0099999999999998e+00
   5.6500000000000004e+00
   5.3899999999999997e+00
   6.2699999999999996e+00
   6.6200000000000001e+00
   6.6200000000000001e+00
   6.2100000000000000e+00
   5.1100000000000003e+00
   5.7400000000000002e+00
   5.9900000000000002e+00
   5.9900000000000002e+00
   5.6100000000000003e+00
   4.1299999999999999e+00
   3.4900000000000002e+00
   5.5599999999999996e+00
   4.1699999999999999e+00
   4.1699999999999999e+00
   4.4600000000000000e+00
   4.0099999999999998e+00
   2.7999999999999998e+00
   2.9300000000000002e+00
   2.9300000000000002e+00
   4.1900000000000004e+00
   6.3600000000000003e+00
   6.7100000000000000e+00
   6.7699999999999996e+00
   6.5700000000000003e+00
   6.5700000000000003e+00
   6.6500000000000004e+00
   5.9600000000000000e+00
   5.9800000000000004e+00
   3.8300000000000001e+00
   3.8300000000000001e+00
   4.6600000000000001e+00
   3.7100000000000000e+00
   3.5400000000000000e+00
   4.5599999999999996e+00
   5.5199999999999996e+00
   5.5199999999999996e+00
   5.6100000000000003e+00
   5.6200000000000001e+00
   7.1299999999999999e+00
   5.2400000000000002e+00
   5.2400000000000002e+00
   4.1100000000000003e+00
   4.4400000000000004e+00
   4.0499999999999998e+00
   3.8500000000000001e+00
   4.3499999999999996e+00
   4.3499999999999996e+00
   4.2400000000000002e+00
   4.4400000000000004e+00
   4.4900000000000002e+00
   5.8799999999999999e+00
   5.8799999999999999e+00
   5.8399999999999999e+00
   5.1699999999999999e+00
   4.9500000000000002e+00
   4.3700000000000001e+00
   4.0400000000000000e+00
   4.0400000000000000e+00
   3.9900000000000002e+00
   4.0999999999999996e+00
   4.2400000000000002e+00
   4.7300000000000004e+00
   4.7300000000000004e+00
   4.5000000000000000e+00
   5.0800000000000001e+00
   5.2599999999999998e+00
   5.4100000000000001e+00
   5.8799999999999999e+00
   5.8799999999999999e+00
   6.4500000000000002e+00
   5.1200000000000001e+00
   4.7699999999999996e+00
   3.3799999999999999e+00
   3.0899999999999999e+00
   3.0899999999999999e+00
   4.2599999999999998e+00
   4.8600000000000003e+00
   5.6600000000000001e+00
   6.5199999999999996e+00
   6.5199999999999996e+00
   6.2199999999999998e+00
   5.4500000000000002e+00
   5.2000000000000002e+00
   4.3300000000000001e+00
   4.3300000000000001e+00
   4.3300000000000001e+00
   5.2100000000000000e+00
   4.7599999999999998e+00
   4.6900000000000004e+00
   4.4199999999999999e+00
   4.4199999999999999e+00
   3.5800000000000001e+00
   4.2100000000000000e+00
   3.9199999999999999e+00
   4.0499999999999998e+00
   4.7100000000000000e+00
   4.7100000000000000e+00
   4.6399999999999997e+00
   3.9500000000000002e+00
   3.2200000000000002e+00
   1.9800000000000000e+00
   1.9800000000000000e+00
   2.1200000000000001e+00
   2.4100000000000001e+00
   1.8100000000000001e+00
   2.6299999999999999e+00
   3.5800000000000001e+00
   3.5800000000000001e+00
   4.2100000000000000e+00
   4.2400000000000002e+00
   3.8300000000000001e+00
   3.9399999999999999e+00
   3.9399999999999999e+00
   3.1899999999999999e+00
   3.7500000000000000e+00
   3.8300000000000001e+00
   5.9299999999999997e+00
   6.0000000000000000e+00
   6.0000000000000000e+00
   5.1600000000000001e+00
   4.7699999999999996e+00
   4.2900000000000000e+00
   4.8300000000000001e+00
   4.8300000000000001e+00
   4.6799999999999997e+00
   4.4100000000000001e+00
   3.9500000000000002e+00
   3.2999999999999998e+00
   3.6299999999999999e+00
   3.6299999999999999e+00
   3.1600000000000001e+00
   2.2999999999999998e+00
   3.0699999999999998e+00
   2.0800000000000001e+00
   2.0800000000000001e+00
   3.8399999999999999e+00
   3.3300000000000001e+00
   3.1499999999999999e+00
   4.3099999999999996e+00
   4.9199999999999999e+00
   4.9199999999999999e+00
   4.0099999999999998e+00
   3.7200000000000002e+00
   3.6200000000000001e+00
   3.4300000000000002e+00
   4.2900000000000000e+00
   4.2900000000000000e+00
   2.7599999999999998e+00
   2.0899999999999999e+00
   2.5099999999999998e+00
   2.4900000000000002e+00
   2.4900000000000002e+00
   2.7500000000000000e+00
   3.3599999999999999e+00
   3.7999999999999998e+00
   2.8500000000000001e+00
   3.9500000000000002e+00
   3.9500000000000002e+00
   4.2500000000000000e+00
   5.4199999999999999e+00
   4.2100000000000000e+00
   4.4000000000000004e+00
   4.4000000000000004e+00
   5.0099999999999998e+00
   5.1799999999999997e+00
   3.8900000000000001e+00
   4.4000000000000004e+00
   3.8500000000000001e+00
   3.8500000000000001e+00
   3.8300000000000001e+00
   2.3300000000000001e+00
   3.5600000000000001e+00
   2.3999999999999999e+00
   2.3999999999999999e+00
   2.8799999999999999e+00
   3.6099999999999999e+00
   2.1600000000000001e+00
   2.3599999999999999e+00
   2.3999999999999999e+00
   2.3999999999999999e+00
   2.7300000000000000e+00
   3.4900000000000002e+00
   4.7500000000000000e+00
   4.7199999999999998e+00
   4.7199999999999998e+00
   2.8100000000000001e+00
   3.3700000000000001e+00
   3.7500000000000000e+00
   4.0300000000000002e+00
   3.7599999999999998e+00
   3.7599999999999998e+00
   4.2000000000000002e+00
   3.5299999999999998e+00
   3.5699999999999998e+00
   5.0899999999999999e+00
   5.0899999999999999e+00
   5.1699999999999999e+00
   4.8399999999999999e+00
   4.4900000000000002e+00
   4.0499999999999998e+00
   3.3199999999999998e+00
   3.3199999999999998e+00
   5.0899999999999999e+00
   5.0499999999999998e+00
   5.0899999999999999e+00
   4.9000000000000004e+00
   4.9000000000000004e+00
   4.4199999999999999e+00
   4.1399999999999997e+00
   4.1200000000000001e+00
   3.4600000000000000e+00
   4.1699999999999999e+00
   4.1699999999999999e+00
   4.3700000000000001e+00
   4.5599999999999996e+00
   5.7400000000000002e+00
   5.7699999999999996e+00
   5.2500000000000000e+00
   5.2500000000000000e+00
   5.0199999999999996e+00
   4.5400000000000000e+00
   4.5099999999999998e+00
   4.5999999999999996e+00
   4.5999999999999996e+00
   4.2599999999999998e+00
   5.0800000000000001e+00
   5.5700000000000003e+00
   3.4700000000000002e+00
   4.4600000000000000e+00
   4.4600000000000000e+00
   4.0499999999999998e+00
   3.6600000000000001e+00
   3.9199999999999999e+00
   4.2699999999999996e+00
   4.2699999999999996e+00
   5.0199999999999996e+00
   7.1799999999999997e+00
   7.8899999999999997e+00
   7.0300000000000002e+00
   6.3899999999999997e+00
   6.3899999999999997e+00
   5.8300000000000001e+00
   4.3600000000000003e+00
   4.4400000000000004e+00
   6.5700000000000003e+00
   6.5700000000000003e+00
   6.2699999999999996e+00
   6.2400000000000002e+00
   6.7100000000000000e+00
   6.5899999999999999e+00
   7.0899999999999999e+00
   7.0899999999999999e+00
   6.2599999999999998e+00
   5.9100000000000001e+00
   5.4299999999999997e+00
   4.8099999999999996e+00
   4.8099999999999996e+00
   4.1699999999999999e+00
   4.2000000000000002e+00
   4.1900000000000004e+00
   5.8300000000000001e+00
   5.6399999999999997e+00
   5.6399999999999997e+00
   5.4000000000000004e+00
   5.1299999999999999e+00
   4.6500000000000004e+00
   5.1799999999999997e+00
   5.1799999999999997e+00
   5.5700000000000003e+00
   5.0099999999999998e+00
   5.6399999999999997e+00
   4.7900000000000000e+00
   4.3799999999999999e+00
   4.3799999999999999e+00
   3.4900000000000002e+00
   3.8900000000000001e+00
   3.7999999999999998e+00
   3.0600000000000001e+00
   3.0600000000000001e+00
   3.1200000000000001e+00
   3.4199999999999999e+00
   3.4300000000000002e+00
   3.6899999999999999e+00
   4.2000000000000002e+00
   4.2000000000000002e+00
   3.7799999999999998e+00
   3.7700000000000000e+00
   4.1699999999999999e+00
   4.8499999999999996e+00
   5.7699999999999996e+00
   5.7699999999999996e+00
   5.7599999999999998e+00
   5.7300000000000004e+00
   4.2599999999999998e+00
   4.2199999999999998e+00
   4.2199999999999998e+00
   3.6200000000000001e+00
   3.7100000000000000e+00
   4.5400000000000000e+00
   4.5800000000000001e+00
   5.2999999999999998e+00
   5.2999999999999998e+00
   6.1299999999999999e+00
   4.0499999999999998e+00
   3.1800000000000002e+00
   2.8700000000000001e+00
   2.8700000000000001e+00
   3.1899999999999999e+00
   4.0400000000000000e+00
   4.0599999999999996e+00
   4.7100000000000000e+00
   5.0999999999999996e+00
   5.0999999999999996e+00
   5.6699999999999999e+00
   6.1699999999999999e+00
   6.4000000000000004e+00
   5.7800000000000002e+00
   5.7800000000000002e+00
   5.5899999999999999e+00
   5.5099999999999998e+00
   4.8600000000000003e+00
   5.2800000000000002e+00
   5.1600000000000001e+00
   5.1600000000000001e+00
   6.5999999999999996e+00
   5.2000000000000002e+00
   6.1399999999999997e+00
   7.0000000000000000e+00
   7.0000000000000000e+00
   6.1900000000000004e+00
   5.4900000000000002e+00
   5.2800000000000002e+00
   4.3300000000000001e+00
   5.2400000000000002e+00
   5.2400000000000002e+00
   6.6399999999999997e+00
   6.2599999999999998e+00
   5.6299999999999999e+00
   5.3600000000000003e+00
   5.3600000000000003e+00
   6.6200000000000001e+00
   7.2999999999999998e+00
   6.6100000000000003e+00
   7.2999999999999998e+00
   7.4500000000000002e+00
   7.4500000000000002e+00
   6.5899999999999999e+00
   6.3899999999999997e+00
   5.6200000000000001e+00
   7.4600000000000000e+00
   7.4600000000000000e+00
   6.3600000000000003e+00
   6.0000000000000000e+00
   6.4100000000000001e+00
   7.1600000000000001e+00
   7.6799999999999997e+00
   7.6799999999999997e+00
   8.8200000000000003e+00
   7.3899999999999997e+00
   6.7900000000000000e+00
   6.9100000000000001e+00
   6.1100000000000003e+00
   6.1100000000000003e+00
   4.0599999999999996e+00
   5.8899999999999997e+00
   6.5999999999999996e+00
   6.5800000000000001e+00
   6.5800000000000001e+00
   6.7699999999999996e+00
   6.8399999999999999e+00
   6.5899999999999999e+00
   5.7999999999999998e+00
   5.4900000000000002e+00
   5.4900000000000002e+00
   5.8099999999999996e+00
   6.0199999999999996e+00
   6.0000000000000000e+00
   6.0000000000000000e+00
   6.0000000000000000e+00
   5.9000000000000004e+00
   5.6500000000000004e+00
   4.8300000000000001e+00
   4.5800000000000001e+00
   4.1600000000000001e+00
   4.1600000000000001e+00
   4.4900000000000002e+00
   4.8899999999999997e+00
   5.2199999999999998e+00
   4.6699999999999999e+00
   4.6699999999999999e+00
   3.8599999999999999e+00
   4.6900000000000004e+00
   4.5800000000000001e+00
   4.7999999999999998e+00
   4.8899999999999997e+00
   4.8899999999999997e+00
   3.4300000000000002e+00
   3.2400000000000002e+00
   2.1699999999999999e+00
   3.6099999999999999e+00
   3.6099999999999999e+00
   3.3500000000000001e+00
   2.6000000000000001e+00
   2.3300000000000001e+00
   2.7700000000000000e+00
   4.1399999999999997e+00
   4.1399999999999997e+00
   3.9800000000000000e+00
   3.8100000000000001e+00
   3.5699999999999998e+00
   3.7700000000000000e+00
   3.7700000000000000e+00
   5.2100000000000000e+00
   4.5899999999999999e+00
   4.7199999999999998e+00
   4.6200000000000001e+00
   4.7199999999999998e+00
   4.7199999999999998e+00
   4.2500000000000000e+00
   3.5600000000000001e+00
   3.8599999999999999e+00
   3.8799999999999999e+00
   3.8799999999999999e+00
   4.1200000000000001e+00
   4.0800000000000001e+00
   4.9100000000000001e+00
   4.7900000000000000e+00
   4.4500000000000002e+00
   4.4500000000000002e+00
   3.9300000000000002e+00
   4.1399999999999997e+00
   4.5499999999999998e+00
   4.1399999999999997e+00
   2.7200000000000002e+00
   2.7200000000000002e+00
   3.7900000000000000e+00
   3.9700000000000002e+00
   3.1499999999999999e+00
   3.0099999999999998e+00
   3.0099999999999998e+00
   3.3199999999999998e+00
   4.2100000000000000e+00
   4.1200000000000001e+00
   4.0099999999999998e+00
   4.6500000000000004e+00
   4.6500000000000004e+00
   5.3799999999999999e+00
   5.4199999999999999e+00
   4.8600000000000003e+00
   4.2999999999999998e+00
   4.2999999999999998e+00
   4.0199999999999996e+00
   3.5000000000000000e+00
   3.4100000000000001e+00
   3.0200000000000000e+00
   2.8599999999999999e+00
   2.8599999999999999e+00
   3.1699999999999999e+00
   4.0800000000000001e+00
   3.9199999999999999e+00
   3.9300000000000002e+00
   3.9300000000000002e+00
   3.6600000000000001e+00
   3.0499999999999998e+00
   3.7900000000000000e+00
   3.6499999999999999e+00
   4.4600000000000000e+00
   4.4600000000000000e+00
   5.0199999999999996e+00
   3.7900000000000000e+00
   3.9800000000000000e+00
   3.7500000000000000e+00
   3.7500000000000000e+00
   3.2500000000000000e+00
   4.4400000000000004e+00
   5.3899999999999997e+00
   5.5899999999999999e+00
   5.0400000000000000e+00
   5.0400000000000000e+00
   4.3799999999999999e+00
   4.7100000000000000e+00
   4.0700000000000003e+00
   5.8899999999999997e+00
   5.8899999999999997e+00
   5.7000000000000002e+00
   5.5000000000000000e+00
   4.9100000000000001e+00
   5.0300000000000002e+00
   4.7699999999999996e+00
   4.7699999999999996e+00
   4.5400000000000000e+00
   5.0000000000000000e+00
   3.8599999999999999e+00
   4.2500000000000000e+00
   4.2500000000000000e+00
   3.7999999999999998e+00
   3.9600000000000000e+00
   4.0400000000000000e+00
   4.1799999999999997e+00
   4.7400000000000002e+00
   4.7400000000000002e+00
   4.2900000000000000e+00
   2.1000000000000001e+00
   3.2999999999999998e+00
   3.1800000000000002e+00
   3.8799999999999999e+00
   3.8799999999999999e+00
   4.8799999999999999e+00
   4.4699999999999998e+00
   5.3499999999999996e+00
   5.8799999999999999e+00
   5.8799999999999999e+00
   6.1299999999999999e+00
   5.6900000000000004e+00
   5.1299999999999999e+00
   6.7100000000000000e+00
   7.2900000000000000e+00
   7.2900000000000000e+00
   6.2100000000000000e+00
   4.4199999999999999e+00
   6.2900000000000000e+00
   5.6900000000000004e+00
   5.6900000000000004e+00
   6.4500000000000002e+00
   6.4699999999999998e+00
   7.7199999999999998e+00
   7.0099999999999998e+00
   6.9699999999999998e+00
   6.9699999999999998e+00
   6.7699999999999996e+00
   5.4000000000000004e+00
   4.5400000000000000e+00
   3.0899999999999999e+00
   3.0899999999999999e+00
   5.0700000000000003e+00
   6.1799999999999997e+00
   6.2599999999999998e+00
   7.4400000000000004e+00
   6.8899999999999997e+00
   6.8899999999999997e+00
   7.4900000000000002e+00
   6.8799999999999999e+00
   6.2800000000000002e+00
   7.0499999999999998e+00
   7.0499999999999998e+00
   5.5700000000000003e+00
   5.9199999999999999e+00
   6.5599999999999996e+00
   6.9800000000000004e+00
   6.3700000000000001e+00
   6.3700000000000001e+00
   5.6600000000000001e+00
   6.5000000000000000e+00
   6.9400000000000004e+00
   7.4400000000000004e+00
   7.4400000000000004e+00
   6.7500000000000000e+00
   6.2500000000000000e+00
   6.7599999999999998e+00
   7.1399999999999997e+00
   7.3899999999999997e+00
   7.3899999999999997e+00
   7.8099999999999996e+00
   6.7300000000000004e+00
   6.3300000000000001e+00
   6.2800000000000002e+00
   6.2800000000000002e+00
   6.1299999999999999e+00
   6.1200000000000001e+00
   6.1399999999999997e+00
   6.7300000000000004e+00
   6.3700000000000001e+00
   6.3700000000000001e+00
   5.3700000000000001e+00
   5.9699999999999998e+00
   6.1799999999999997e+00
   5.7699999999999996e+00
   5.7599999999999998e+00
   5.7599999999999998e+00
   5.8899999999999997e+00
   5.8700000000000001e+00
   6.8799999999999999e+00
   5.8799999999999999e+00
   5.8799999999999999e+00
   7.5800000000000001e+00
   7.0400000000000000e+00
   6.4100000000000001e+00
   3.7999999999999998e+00
   5.0599999999999996e+00
   5.0599999999999996e+00
   5.1399999999999997e+00
   4.9299999999999997e+00
   5.0999999999999996e+00
   5.3399999999999999e+00
   5.3399999999999999e+00
   5.5999999999999996e+00
   5.6799999999999997e+00
   5.4800000000000004e+00
   5.4600000000000000e+00
   5.8300000000000001e+00
   5.8300000000000001e+00
   6.2300000000000004e+00
   5.7500000000000000e+00
   5.5300000000000002e+00
   4.2800000000000002e+00
   4.2800000000000002e+00
   4.5099999999999998e+00
   5.0999999999999996e+00
   5.4600000000000000e+00
   5.5099999999999998e+00
   6.5000000000000000e+00
   6.5000000000000000e+00
   7.1200000000000001e+00
   7.2500000000000000e+00
   6.5499999999999998e+00
   5.5400000000000000e+00
   5.5400000000000000e+00
   5.4100000000000001e+00
   4.7300000000000004e+00
   6.1200000000000001e+00
   7.0099999999999998e+00
   6.9299999999999997e+00
   6.9299999999999997e+00
   6.0999999999999996e+00
   6.5499999999999998e+00
   5.4800000000000004e+00
   4.8600000000000003e+00
   4.8600000000000003e+00
   5.0400000000000000e+00
   6.4400000000000004e+00
   5.5700000000000003e+00
   7.0099999999999998e+00
   4.7400000000000002e+00
   4.7400000000000002e+00
   5.6200000000000001e+00
   4.3399999999999999e+00
   3.5000000000000000e+00
   5.2100000000000000e+00
   5.2100000000000000e+00
   5.8499999999999996e+00
   5.9000000000000004e+00
   6.1299999999999999e+00
   6.3499999999999996e+00
   5.8399999999999999e+00
   5.8399999999999999e+00
   6.1299999999999999e+00
   5.7999999999999998e+00
   5.6399999999999997e+00
   5.8499999999999996e+00
   7.3399999999999999e+00
   7.3399999999999999e+00
   6.4000000000000004e+00
   6.4800000000000004e+00
   5.2699999999999996e+00
   5.5800000000000001e+00
   5.5800000000000001e+00
   4.2000000000000002e+00
   5.2199999999999998e+00
   6.3600000000000003e+00
   6.8600000000000003e+00
   6.7000000000000002e+00
   6.7000000000000002e+00
   6.9000000000000004e+00
   6.5400000000000000e+00
   6.8300000000000001e+00
   7.7300000000000004e+00
   7.7300000000000004e+00
   7.0599999999999996e+00
   7.4100000000000001e+00
   7.5199999999999996e+00
   6.6399999999999997e+00
   6.1200000000000001e+00
   6.1200000000000001e+00
   6.2000000000000002e+00
   6.5300000000000002e+00
   6.7999999999999998e+00
   7.1200000000000001e+00
   7.1200000000000001e+00
   6.9500000000000002e+00
   6.5700000000000003e+00
   6.6699999999999999e+00
   6.5999999999999996e+00
   7.3600000000000003e+00
   7.3600000000000003e+00
   7.1600000000000001e+00
   6.4000000000000004e+00
   5.3600000000000003e+00
   5.2199999999999998e+00
   5.2199999999999998e+00
   5.0999999999999996e+00
   5.9000000000000004e+00
   5.8700000000000001e+00
   5.9299999999999997e+00
   5.7699999999999996e+00
   5.7699999999999996e+00
   5.5700000000000003e+00
   5.8300000000000001e+00
   5.9900000000000002e+00
   6.0099999999999998e+00
   6.0099999999999998e+00
   4.1600000000000001e+00
   4.4000000000000004e+00
   3.2100000000000000e+00
   2.9199999999999999e+00
   2.9100000000000001e+00
   2.9100000000000001e+00
   2.4199999999999999e+00
   4.7500000000000000e+00
   4.0300000000000002e+00
   4.7900000000000000e+00
   4.7900000000000000e+00
   4.6200000000000001e+00
   4.8899999999999997e+00
   4.8200000000000003e+00
   4.9600000000000000e+00
   5.4199999999999999e+00
   5.4199999999999999e+00
   4.8899999999999997e+00
   4.8300000000000001e+00
   4.4199999999999999e+00
   3.1499999999999999e+00
   3.1200000000000001e+00
   3.1200000000000001e+00
   4.5099999999999998e+00
   4.4400000000000004e+00
   3.1400000000000001e+00
   5.0599999999999996e+00
   5.0599999999999996e+00
   4.3200000000000003e+00
   2.4600000000000000e+00
   3.2400000000000002e+00
   4.2800000000000002e+00
   3.4700000000000002e+00
   3.4700000000000002e+00
   3.7100000000000000e+00
   3.7500000000000000e+00
   4.1399999999999997e+00
   4.0300000000000002e+00
   4.0300000000000002e+00
   4.2300000000000004e+00
   4.9000000000000004e+00
   4.4400000000000004e+00
   5.0000000000000000e+00
   4.6600000000000001e+00
   4.6600000000000001e+00
   4.2000000000000002e+00
   5.0000000000000000e+00
   3.7200000000000002e+00
   5.1500000000000004e+00
   5.1500000000000004e+00
   6.1200000000000001e+00
   5.8200000000000003e+00
   4.9000000000000004e+00
   3.8700000000000001e+00
   4.0099999999999998e+00
   4.0099999999999998e+00
   4.8899999999999997e+00
   2.6400000000000001e+00
   2.8300000000000001e+00
   9.0000000000000002e-01
   9.0000000000000002e-01
   3.6400000000000001e+00
   4.6299999999999999e+00
   4.7599999999999998e+00
   3.2000000000000002e+00
   3.5299999999999998e+00
   3.5299999999999998e+00
   3.9700000000000002e+00
   4.4500000000000002e+00
   4.0199999999999996e+00
   4.9500000000000002e+00
   4.9500000000000002e+00
   4.8300000000000001e+00
   4.8099999999999996e+00
   4.6299999999999999e+00
   4.0199999999999996e+00
   5.7199999999999998e+00
   5.7199999999999998e+00
   4.5800000000000001e+00
   5.3499999999999996e+00
   5.3600000000000003e+00
   5.4699999999999998e+00
   5.4699999999999998e+00
   5.3700000000000001e+00
   5.9600000000000000e+00
   5.9400000000000004e+00
   5.8099999999999996e+00
   6.3399999999999999e+00
   6.3399999999999999e+00
   5.5800000000000001e+00
   5.0199999999999996e+00
   5.4500000000000002e+00
   5.4299999999999997e+00
   5.4299999999999997e+00
   5.4100000000000001e+00
   5.8700000000000001e+00
   5.6100000000000003e+00
   5.1900000000000004e+00
   5.0300000000000002e+00
   5.0300000000000002e+00
   4.8799999999999999e+00
   6.2300000000000004e+00
   5.6600000000000001e+00
   7.2000000000000002e+00
   6.7199999999999998e+00
   6.7199999999999998e+00
   6.1699999999999999e+00
   5.9100000000000001e+00
   5.6100000000000003e+00
   5.4600000000000000e+00
   5.4600000000000000e+00
   5.9900000000000002e+00
   6.6600000000000001e+00
   4.2300000000000004e+00
   5.2300000000000004e+00
   6.2400000000000002e+00
   6.2400000000000002e+00
   5.3799999999999999e+00
   3.8500000000000001e+00
   4.8499999999999996e+00
   4.8700000000000001e+00
   4.8700000000000001e+00
   2.2500000000000000e+00
   3.6200000000000001e+00
   3.6499999999999999e+00
   4.9100000000000001e+00
   5.1399999999999997e+00
   5.1399999999999997e+00
   5.4699999999999998e+00
   5.0999999999999996e+00
   4.0099999999999998e+00
   3.6400000000000001e+00
   3.6400000000000001e+00
   6.5199999999999996e+00
   5.1500000000000004e+00
   5.2999999999999998e+00
   4.2400000000000002e+00
   4.5099999999999998e+00
   4.5099999999999998e+00
   4.4100000000000001e+00
   5.4400000000000004e+00
   4.4100000000000001e+00
   2.8900000000000001e+00
   2.8900000000000001e+00
   2.7000000000000002e+00
   3.4199999999999999e+00
   2.4800000000000000e+00
   2.4500000000000002e+00
   3.6899999999999999e+00
   3.6899999999999999e+00
   3.7500000000000000e+00
   4.3499999999999996e+00
   5.1900000000000004e+00
   4.7599999999999998e+00
   4.7599999999999998e+00
   4.2000000000000002e+00
   4.7599999999999998e+00
   4.0700000000000003e+00
   2.8199999999999998e+00
   3.5200000000000000e+00
   3.5200000000000000e+00
   3.9100000000000001e+00
   4.2800000000000002e+00
   5.3399999999999999e+00
   4.8399999999999999e+00
   4.8399999999999999e+00
   4.5199999999999996e+00
   5.0800000000000001e+00
   4.6399999999999997e+00
   4.1100000000000003e+00
   3.4300000000000002e+00
   3.4300000000000002e+00
   4.4100000000000001e+00
   3.6499999999999999e+00
   3.8199999999999998e+00
   2.5099999999999998e+00
   1.9199999999999999e+00
   1.9199999999999999e+00
   3.8999999999999999e+00
   4.3600000000000003e+00
   3.7000000000000002e+00
   3.1200000000000001e+00
   3.1200000000000001e+00
   1.8200000000000001e+00
   3.9800000000000000e+00
   2.4700000000000002e+00
   2.3799999999999999e+00
   2.1600000000000001e+00
   2.1600000000000001e+00
   3.1600000000000001e+00
   4.2500000000000000e+00
   4.2999999999999998e+00
   4.7599999999999998e+00
   4.7599999999999998e+00
   4.6900000000000004e+00
   4.0499999999999998e+00
   4.0700000000000003e+00
   4.3700000000000001e+00
   4.5800000000000001e+00
   4.5800000000000001e+00
   4.7900000000000000e+00
   3.4600000000000000e+00
   3.8500000000000001e+00
   2.8199999999999998e+00
   2.8199999999999998e+00
   2.4800000000000000e+00
   3.6299999999999999e+00
   3.5000000000000000e+00
   4.9400000000000004e+00
   3.5299999999999998e+00
   3.5299999999999998e+00
   2.3700000000000001e+00
   3.1200000000000001e+00
   3.4100000000000001e+00
   4.1900000000000004e+00
   4.1900000000000004e+00
   4.3799999999999999e+00
   3.1699999999999999e+00
   3.8300000000000001e+00
   4.0199999999999996e+00
   4.1100000000000003e+00
   4.1100000000000003e+00
   4.3899999999999997e+00
   4.5700000000000003e+00
   4.5899999999999999e+00
   4.7699999999999996e+00
   4.7699999999999996e+00
   3.9399999999999999e+00
   3.6600000000000001e+00
   3.6099999999999999e+00
   3.2300000000000000e+00
   3.3399999999999999e+00
   3.3399999999999999e+00
   1.8999999999999999e+00
   2.6400000000000001e+00
   3.5699999999999998e+00
   4.3700000000000001e+00
   4.3700000000000001e+00
   3.8199999999999998e+00
   5.1699999999999999e+00
   3.7799999999999998e+00
   5.5300000000000002e+00
   5.2300000000000004e+00
   5.2300000000000004e+00
   5.0300000000000002e+00
   5.0999999999999996e+00
   5.2500000000000000e+00
   5.0899999999999999e+00
   5.6299999999999999e+00
   5.6299999999999999e+00
   5.2400000000000002e+00
   5.0899999999999999e+00
   4.2900000000000000e+00
   5.2100000000000000e+00
   5.2100000000000000e+00
   4.1399999999999997e+00
   4.6799999999999997e+00
   5.0899999999999999e+00
   5.4100000000000001e+00
   3.2700000000000000e+00
   3.2700000000000000e+00
   3.4800000000000000e+00
   5.2500000000000000e+00
   4.4699999999999998e+00
   4.7999999999999998e+00
   4.7999999999999998e+00
   5.5999999999999996e+00
   5.9900000000000002e+00
   7.2199999999999998e+00
   6.4900000000000002e+00
   6.2599999999999998e+00
   6.2599999999999998e+00
   6.3200000000000003e+00
   5.9900000000000002e+00
   5.9699999999999998e+00
   5.9299999999999997e+00
   5.9299999999999997e+00
   6.3499999999999996e+00
   7.1900000000000004e+00
   7.9699999999999998e+00
   5.8899999999999997e+00
   5.4600000000000000e+00
   5.4600000000000000e+00
   4.6399999999999997e+00
   5.3899999999999997e+00
   5.0199999999999996e+00
   5.2699999999999996e+00
   5.2699999999999996e+00
   6.2500000000000000e+00
   7.0800000000000001e+00
   7.3399999999999999e+00
   6.3300000000000001e+00
   5.1299999999999999e+00
   5.1299999999999999e+00
   5.3300000000000001e+00
   5.3899999999999997e+00
   5.2300000000000004e+00
   4.9800000000000004e+00
   4.9800000000000004e+00
   5.8399999999999999e+00
   5.5800000000000001e+00
   6.0999999999999996e+00
   5.9400000000000004e+00
   5.5899999999999999e+00
   5.5899999999999999e+00
   5.3899999999999997e+00
   4.9400000000000004e+00
   4.4800000000000004e+00
   4.6900000000000004e+00
   4.6900000000000004e+00
   5.2699999999999996e+00
   5.5199999999999996e+00
   5.8600000000000003e+00
   6.4299999999999997e+00
   6.4000000000000004e+00
   6.4000000000000004e+00
   5.6299999999999999e+00
   5.5499999999999998e+00
   4.4000000000000004e+00
   4.4400000000000004e+00
   4.7199999999999998e+00
   4.7199999999999998e+00
   4.9400000000000004e+00
   6.0999999999999996e+00
   5.4199999999999999e+00
   5.2699999999999996e+00
   5.2699999999999996e+00
   5.4199999999999999e+00
   6.2699999999999996e+00
   6.4100000000000001e+00
   6.5099999999999998e+00
   6.0099999999999998e+00
   6.0099999999999998e+00
   6.0400000000000000e+00
   6.2000000000000002e+00
   6.0599999999999996e+00
   6.0700000000000003e+00
   6.0700000000000003e+00
   6.0300000000000002e+00
   5.5899999999999999e+00
   4.5999999999999996e+00
   3.6000000000000001e+00
   3.9300000000000002e+00
   3.9300000000000002e+00
   3.9600000000000000e+00
   3.3900000000000001e+00
   3.2300000000000000e+00
   4.0199999999999996e+00
   4.0199999999999996e+00
   4.2400000000000002e+00
   3.8399999999999999e+00
   3.5800000000000001e+00
   4.5599999999999996e+00
   5.7999999999999998e+00
   5.7999999999999998e+00
   5.4699999999999998e+00
   4.5000000000000000e+00
   4.1100000000000003e+00
   2.9600000000000000e+00
   2.9600000000000000e+00
   2.0899999999999999e+00
   1.9299999999999999e+00
   2.1600000000000001e+00
   2.0899999999999999e+00
   3.1800000000000002e+00
   3.1800000000000002e+00
   3.8100000000000001e+00
   3.7200000000000002e+00
   3.9600000000000000e+00
   3.8199999999999998e+00
   3.8199999999999998e+00
   3.5299999999999998e+00
   3.2200000000000002e+00
   3.7900000000000000e+00
   4.1900000000000004e+00
   4.0700000000000003e+00
   4.0700000000000003e+00
   3.8999999999999999e+00
   3.8599999999999999e+00
   5.0800000000000001e+00
   5.4000000000000004e+00
   5.4000000000000004e+00
   5.0300000000000002e+00
   5.3200000000000003e+00
   3.8599999999999999e+00
   4.0999999999999996e+00
   4.1500000000000004e+00
   4.1500000000000004e+00
   4.6399999999999997e+00
   5.0700000000000003e+00
   4.3099999999999996e+00
   3.5299999999999998e+00
   4.0199999999999996e+00
   4.0199999999999996e+00
   4.8399999999999999e+00
   4.3700000000000001e+00
   4.4199999999999999e+00
   5.6399999999999997e+00
   5.6399999999999997e+00
   5.5000000000000000e+00
   4.5700000000000003e+00
   4.7400000000000002e+00
   3.4900000000000002e+00
   3.0699999999999998e+00
   3.0699999999999998e+00
   4.5999999999999996e+00
   4.4000000000000004e+00
   4.0700000000000003e+00
   4.0000000000000000e+00
   4.0000000000000000e+00
   4.5599999999999996e+00
   3.5699999999999998e+00
   4.1399999999999997e+00
   4.6299999999999999e+00
   4.6799999999999997e+00
   4.6799999999999997e+00
   4.8799999999999999e+00
   5.1299999999999999e+00
   4.9199999999999999e+00
   4.9199999999999999e+00
   4.9199999999999999e+00
   5.0300000000000002e+00
   5.7300000000000004e+00
   5.4699999999999998e+00
   4.7199999999999998e+00
   4.0800000000000001e+00
   4.0800000000000001e+00
   3.5299999999999998e+00
   2.8300000000000001e+00
   3.3100000000000001e+00
   2.2599999999999998e+00
   2.2599999999999998e+00
   2.5600000000000001e+00
   2.7500000000000000e+00
   3.0000000000000000e+00
   3.2000000000000002e+00
   2.8100000000000001e+00
   2.8100000000000001e+00
   2.6699999999999999e+00
   3.3300000000000001e+00
   3.6299999999999999e+00
   2.9500000000000002e+00
   2.9500000000000002e+00
   2.7000000000000002e+00
   4.2599999999999998e+00
   3.6699999999999999e+00
   4.3700000000000001e+00
   3.9900000000000002e+00
   3.9900000000000002e+00
   3.6499999999999999e+00
   2.9399999999999999e+00
   2.6600000000000001e+00
   3.9300000000000002e+00
   3.9300000000000002e+00
   3.7300000000000000e+00
   3.6099999999999999e+00
   3.3599999999999999e+00
   3.5499999999999998e+00
   4.0599999999999996e+00
   4.0599999999999996e+00
   3.9100000000000001e+00
   3.9800000000000000e+00
   4.4400000000000004e+00
   4.5000000000000000e+00
   4.8300000000000001e+00
   4.8300000000000001e+00
   5.0700000000000003e+00
   4.6699999999999999e+00
   4.0099999999999998e+00
   3.4900000000000002e+00
   3.4900000000000002e+00
   4.1500000000000004e+00
   4.0800000000000001e+00
