   3.6340000000000017e+00
   3.6174166666666667e+00
   3.6153333333333331e+00
   3.6176666666666661e+00
   3.6203333333333334e+00
   3.6250833333333334e+00
   3.6216666666666670e+00
   3.6187499999999999e+00
   3.6194166666666669e+00
   3.6165000000000003e+00
   3.6052499999999998e+00
   3.5866666666666669e+00
   3.5658333333333334e+00
   3.5618333333333339e+00
   3.5642500000000008e+00
   3.5625000000000009e+00
   3.5673333333333335e+00
   3.5727500000000005e+00
   3.5688333333333335e+00
   3.5635833333333338e+00
   3.5592500000000000e+00
   3.5617500000000004e+00
   3.5742500000000001e+00
   3.5809166666666670e+00
   3.5912500000000001e+00
   3.6079999999999997e+00
   3.6223333333333332e+00
   3.6361666666666665e+00
   3.6434166666666665e+00
   3.6595833333333330e+00
   3.6669166666666668e+00
   3.6778333333333335e+00
   3.6843333333333335e+00
   3.6893333333333329e+00
   3.6859166666666661e+00
   3.6989166666666664e+00
   3.7084999999999995e+00
   3.7184166666666658e+00
   3.7309999999999999e+00
   3.7302499999999998e+00
   3.7389999999999999e+00
   3.7409166666666662e+00
   3.7459166666666666e+00
   3.7565000000000000e+00
   3.7629999999999999e+00
   3.7660833333333339e+00
   3.7723333333333340e+00
   3.7661666666666673e+00
   3.7645833333333343e+00
   3.7630000000000012e+00
   3.7629166666666678e+00
   3.7625833333333341e+00
   3.7586666666666679e+00
   3.7616666666666676e+00
   3.7635000000000010e+00
   3.7612500000000013e+00
   3.7581666666666678e+00
   3.7410000000000010e+00
   3.7406666666666677e+00
   3.7325000000000008e+00
   3.7238333333333342e+00
   3.7141666666666677e+00
   3.7095000000000007e+00
   3.7129166666666671e+00
   3.7094166666666677e+00
   3.6990833333333342e+00
   3.6833333333333345e+00
   3.6650000000000005e+00
   3.6528333333333336e+00
   3.6335000000000002e+00
   3.6273333333333335e+00
   3.6154166666666669e+00
   3.6091666666666669e+00
   3.6018333333333334e+00
   3.5978333333333334e+00
   3.5972499999999998e+00
   3.5930833333333330e+00
   3.5986666666666665e+00
   3.6097499999999996e+00
   3.6267499999999995e+00
   3.6495833333333327e+00
   3.6795833333333330e+00
   3.6854999999999998e+00
   3.6884999999999994e+00
   3.7003333333333330e+00
   3.7167499999999998e+00
   3.7290000000000001e+00
   3.7412500000000000e+00
   3.7516666666666665e+00
   3.7475000000000001e+00
   3.7344999999999997e+00
   3.7258333333333336e+00
   3.7233333333333336e+00
   3.7235833333333335e+00
   3.7233333333333340e+00
   3.7275833333333339e+00
   3.7358333333333338e+00
   3.7512500000000006e+00
   3.7660000000000005e+00
   3.7834166666666671e+00
   3.7835000000000010e+00
   3.7895833333333337e+00
   3.7970833333333340e+00
   3.8034166666666676e+00
   3.8157500000000004e+00
   3.8375000000000004e+00
   3.8590833333333334e+00
   3.8845000000000010e+00
   3.9146666666666676e+00
   3.9273333333333342e+00
   3.9361666666666673e+00
   3.9298333333333342e+00
   3.9188333333333341e+00
   3.9233333333333338e+00
   3.9282500000000002e+00
   3.9220000000000002e+00
   3.9262500000000005e+00
   3.9315000000000007e+00
   3.9342500000000005e+00
   3.9405833333333340e+00
   3.9665833333333333e+00
   3.9925833333333327e+00
   4.0084166666666654e+00
   4.0184999999999995e+00
   4.0238333333333323e+00
   4.0359999999999987e+00
   4.0536666666666656e+00
   4.0727499999999983e+00
   4.0894999999999984e+00
   4.1114166666666652e+00
   4.1443333333333321e+00
   4.1724999999999985e+00
   4.2028333333333316e+00
   4.2213333333333320e+00
   4.2254999999999985e+00
   4.2229166666666647e+00
   4.2217499999999983e+00
   4.2149999999999990e+00
   4.2164999999999981e+00
   4.2223333333333315e+00
   4.2244999999999981e+00
   4.2274166666666648e+00
   4.2309166666666647e+00
   4.2324166666666647e+00
   4.2340833333333316e+00
   4.2311666666666641e+00
   4.2319999999999984e+00
   4.2229999999999981e+00
   4.2206666666666646e+00
   4.2068333333333321e+00
   4.2036666666666651e+00
   4.2006666666666650e+00
   4.2024999999999988e+00
   4.2039999999999988e+00
   4.2203333333333317e+00
   4.2279166666666645e+00
   4.2342499999999985e+00
   4.2425833333333323e+00
   4.2490833333333322e+00
   4.2531666666666661e+00
   4.2562499999999988e+00
   4.2604999999999986e+00
   4.2679999999999989e+00
   4.2759166666666655e+00
   4.2839166666666655e+00
   4.2929166666666658e+00
   4.3019166666666653e+00
   4.3251666666666653e+00
   4.3437499999999991e+00
   4.3535833333333320e+00
   4.3640833333333315e+00
   4.3764166666666657e+00
   4.3834166666666654e+00
   4.3804999999999987e+00
   4.3772499999999992e+00
   4.3818333333333328e+00
   4.3951666666666656e+00
   4.4151666666666651e+00
   4.4190833333333321e+00
   4.4335833333333321e+00
   4.4483333333333333e+00
   4.4599166666666656e+00
   4.4706666666666655e+00
   4.4799999999999995e+00
   4.4989166666666653e+00
   4.5340833333333324e+00
   4.5563333333333320e+00
   4.5764999999999993e+00
   4.5951666666666666e+00
   4.6175833333333323e+00
   4.6283333333333330e+00
   4.6423333333333323e+00
   4.6597499999999998e+00
   4.6812500000000004e+00
   4.6999166666666667e+00
   4.7170833333333331e+00
   4.7313333333333336e+00
   4.7448333333333332e+00
   4.7517500000000004e+00
   4.7482499999999996e+00
   4.7449166666666658e+00
   4.7358333333333329e+00
   4.7273333333333332e+00
   4.7116666666666651e+00
   4.7041666666666657e+00
   4.6958333333333320e+00
   4.6874166666666657e+00
   4.6807499999999989e+00
   4.6801666666666657e+00
   4.6722499999999991e+00
   4.6670833333333333e+00
   4.6704999999999997e+00
   4.6631666666666662e+00
   4.6514166666666652e+00
   4.6320833333333322e+00
   4.6110833333333314e+00
   4.5944999999999983e+00
   4.5806666666666649e+00
   4.5721666666666652e+00
   4.5611666666666650e+00
   4.5737499999999986e+00
   4.5810833333333312e+00
   4.5901666666666650e+00
   4.6051666666666655e+00
   4.6088333333333322e+00
   4.6024999999999983e+00
   4.5964999999999980e+00
   4.5839999999999987e+00
   4.5691666666666650e+00
   4.5479166666666648e+00
   4.5304166666666656e+00
   4.5252499999999989e+00
   4.5229999999999988e+00
   4.5139999999999985e+00
   4.5093333333333314e+00
   4.5224166666666656e+00
   4.5299999999999985e+00
   4.5225833333333316e+00
   4.5211666666666641e+00
   4.5184166666666643e+00
   4.5314999999999976e+00
   4.5338333333333320e+00
   4.5362499999999990e+00
   4.5400000000000000e+00
   4.5449999999999999e+00
   4.5387499999999994e+00
   4.5299166666666668e+00
   4.5218333333333334e+00
   4.5105833333333329e+00
   4.4977499999999999e+00
   4.4813333333333336e+00
   4.4780833333333332e+00
   4.4750833333333331e+00
   4.4817500000000008e+00
   4.4963333333333342e+00
   4.5226666666666668e+00
   4.5438333333333336e+00
   4.5672500000000005e+00
   4.5955000000000004e+00
   4.6025833333333335e+00
   4.6124166666666664e+00
   4.6233333333333340e+00
   4.6323333333333334e+00
   4.6405000000000003e+00
   4.6486666666666672e+00
   4.6550000000000002e+00
   4.6620833333333334e+00
   4.6753333333333327e+00
   4.6812500000000004e+00
   4.6916666666666664e+00
   4.6929999999999996e+00
   4.6905833333333335e+00
   4.6852499999999999e+00
   4.6855000000000002e+00
   4.6931666666666674e+00
   4.6888333333333341e+00
   4.6891666666666669e+00
   4.6918333333333342e+00
   4.6921666666666670e+00
   4.6915833333333330e+00
   4.6854166666666668e+00
   4.6792499999999997e+00
   4.6667499999999995e+00
   4.6645000000000003e+00
   4.6684166666666673e+00
   4.6715000000000000e+00
   4.6765833333333342e+00
   4.6798333333333337e+00
   4.6876666666666669e+00
   4.7039166666666672e+00
   4.7153333333333336e+00
   4.7263333333333337e+00
   4.7425000000000006e+00
   4.7616666666666667e+00
   4.7823333333333329e+00
   4.7852500000000004e+00
   4.7899166666666666e+00
   4.7928333333333342e+00
   4.7990833333333338e+00
   4.8050000000000006e+00
   4.8110833333333325e+00
   4.8142499999999995e+00
   4.8107499999999996e+00
   4.8098333333333327e+00
   4.8062499999999995e+00
   4.7977499999999988e+00
   4.8009999999999993e+00
   4.7999999999999989e+00
   4.8005833333333330e+00
   4.7994166666666649e+00
   4.7967499999999994e+00
   4.7942499999999990e+00
   4.7847499999999989e+00
   4.7738333333333323e+00
   4.7689999999999992e+00
   4.7622499999999981e+00
   4.7519166666666655e+00
   4.7482499999999987e+00
   4.7494166666666651e+00
   4.7509999999999994e+00
   4.7474166666666653e+00
   4.7424166666666663e+00
   4.7369999999999992e+00
   4.7351666666666672e+00
   4.7345833333333331e+00
   4.7318333333333324e+00
   4.7333333333333334e+00
   4.7410833333333340e+00
   4.7434166666666666e+00
   4.7582500000000003e+00
   4.7703333333333324e+00
   4.7799166666666668e+00
   4.7940833333333339e+00
   4.8036666666666674e+00
   4.8163333333333336e+00
   4.8269166666666665e+00
   4.8253333333333339e+00
   4.8138333333333341e+00
   4.8006666666666673e+00
   4.7995833333333335e+00
   4.7888333333333337e+00
   4.7812500000000000e+00
   4.7639999999999993e+00
   4.7420000000000000e+00
   4.7189999999999994e+00
   4.7087499999999993e+00
   4.6932499999999999e+00
   4.6930833333333322e+00
   4.6904999999999992e+00
   4.7033333333333331e+00
   4.7084166666666665e+00
   4.7115833333333335e+00
   4.7138333333333327e+00
   4.7195833333333335e+00
   4.7205833333333338e+00
   4.7069999999999999e+00
   4.7039999999999997e+00
   4.7138333333333344e+00
   4.7314999999999996e+00
   4.7469166666666665e+00
   4.7401666666666662e+00
   4.7405000000000008e+00
   4.7316666666666674e+00
   4.7175833333333337e+00
   4.7112500000000015e+00
   4.7093333333333343e+00
   4.7060833333333338e+00
   4.7030000000000003e+00
   4.7057499999999992e+00
   4.7062499999999989e+00
   4.7021666666666659e+00
   4.6851666666666656e+00
   4.6625833333333322e+00
   4.6389999999999993e+00
   4.6150833333333328e+00
   4.5999999999999988e+00
   4.5886666666666667e+00
   4.5760833333333331e+00
   4.5603333333333333e+00
   4.5536666666666665e+00
   4.5424166666666670e+00
   4.5265000000000004e+00
   4.5119166666666661e+00
   4.4996666666666671e+00
   4.4835833333333328e+00
   4.4651666666666658e+00
   4.4554999999999998e+00
   4.4494999999999996e+00
   4.4536666666666660e+00
   4.4557499999999983e+00
   4.4640833333333321e+00
   4.4740833333333319e+00
   4.4883333333333324e+00
   4.4973333333333327e+00
   4.4909999999999997e+00
   4.4855833333333335e+00
   4.4734166666666662e+00
   4.4555833333333332e+00
   4.4419166666666667e+00
   4.4429166666666653e+00
   4.4568333333333330e+00
   4.4626666666666654e+00
   4.4650833333333333e+00
   4.4589166666666662e+00
   4.4464999999999995e+00
   4.4326666666666652e+00
   4.4150000000000000e+00
   4.3945833333333324e+00
   4.3739999999999988e+00
   4.3537499999999998e+00
   4.3400833333333333e+00
   4.3295833333333329e+00
   4.3224166666666664e+00
   4.3220000000000001e+00
   4.3260833333333322e+00
   4.3400833333333333e+00
   4.3534166666666660e+00
   4.3679166666666651e+00
   4.3780833333333327e+00
   4.3845833333333326e+00
   4.3906666666666654e+00
   4.3964166666666662e+00
   4.4118333333333331e+00
   4.4178333333333324e+00
   4.4190833333333330e+00
   4.4231666666666660e+00
   4.4284166666666653e+00
   4.4376666666666669e+00
   4.4456666666666660e+00
   4.4663333333333330e+00
   4.4909999999999988e+00
   4.5122499999999990e+00
   4.5332499999999998e+00
   4.5511666666666661e+00
   4.5575000000000001e+00
   4.5597499999999993e+00
   4.5648333333333335e+00
   4.5639999999999983e+00
   4.5769999999999991e+00
   4.5810833333333330e+00
   4.5919166666666653e+00
   4.5997499999999993e+00
   4.6129999999999995e+00
   4.6298333333333330e+00
   4.6315833333333334e+00
   4.6391666666666662e+00
   4.6319166666666662e+00
   4.6224999999999996e+00
   4.6124166666666655e+00
   4.5987499999999990e+00
   4.5984166666666653e+00
   4.6029999999999989e+00
   4.6137499999999987e+00
   4.6265833333333317e+00
   4.6439166666666658e+00
   4.6571666666666660e+00
   4.6799999999999988e+00
   4.6935833333333319e+00
   4.6989999999999990e+00
   4.6948333333333325e+00
   4.7018333333333313e+00
   4.7072499999999993e+00
   4.7160833333333319e+00
   4.7147499999999978e+00
   4.7189166666666642e+00
   4.7203333333333317e+00
   4.7209999999999992e+00
   4.7169166666666644e+00
   4.7056666666666649e+00
   4.6987499999999986e+00
   4.6958333333333320e+00
   4.6939999999999991e+00
   4.6958333333333320e+00
   4.6900833333333329e+00
   4.6961666666666666e+00
   4.7058333333333326e+00
   4.7104166666666663e+00
   4.7089166666666662e+00
   4.6892499999999995e+00
   4.6716666666666651e+00
   4.6578333333333317e+00
   4.6476666666666686e+00
   4.6430000000000025e+00
   4.6430833333333359e+00
   4.6445000000000034e+00
   4.6388333333333360e+00
   4.6487500000000033e+00
   4.6577500000000027e+00
   4.6619166666666692e+00
   4.6635000000000026e+00
   4.6602500000000031e+00
   4.6670833333333359e+00
   4.6792500000000024e+00
   4.6859166666666692e+00
   4.6900833333333365e+00
   4.6772500000000035e+00
   4.6760000000000028e+00
   4.6736666666666702e+00
   4.6696666666666706e+00
   4.6639166666666698e+00
   4.6644166666666695e+00
   4.6655833333333359e+00
   4.6694166666666694e+00
   4.6717500000000030e+00
   4.6740000000000030e+00
   4.6846666666666694e+00
   4.6764166666666700e+00
   4.6664166666666693e+00
   4.6544166666666706e+00
   4.6400000000000032e+00
   4.6296666666666697e+00
   4.6123333333333365e+00
   4.5970833333333356e+00
   4.5798333333333368e+00
   4.5799166666666684e+00
   4.5862500000000024e+00
   4.5997500000000020e+00
   4.6154166666666692e+00
   4.6260000000000021e+00
   4.6250000000000018e+00
   4.6166666666666689e+00
   4.6178333333333352e+00
   4.6229166666666686e+00
   4.6245000000000012e+00
   4.6312500000000023e+00
   4.6400000000000015e+00
   4.6505833333333344e+00
   4.6739166666666687e+00
   4.6890000000000018e+00
   4.7015833333333346e+00
   4.7117500000000012e+00
   4.7191666666666681e+00
   4.7287500000000016e+00
   4.7284166666666669e+00
   4.7304166666666676e+00
   4.7369166666666676e+00
   4.7438333333333329e+00
   4.7513333333333341e+00
   4.7663333333333338e+00
   4.7783333333333342e+00
   4.7880833333333337e+00
   4.8002500000000010e+00
   4.8094166666666673e+00
   4.8196666666666674e+00
   4.8350000000000000e+00
   4.8477500000000004e+00
   4.8625000000000007e+00
   4.8805833333333339e+00
   4.8983333333333325e+00
   4.9081666666666672e+00
   4.9094166666666670e+00
   4.9136666666666668e+00
   4.9058333333333337e+00
   4.9025000000000007e+00
   4.8960833333333342e+00
   4.9083333333333341e+00
   4.9192500000000008e+00
   4.9283333333333337e+00
   4.9239166666666678e+00
   4.9279999999999999e+00
   4.9293333333333331e+00
   4.9378333333333337e+00
   4.9391666666666669e+00
   4.9388333333333341e+00
   4.9523333333333328e+00
   4.9610000000000003e+00
   4.9825000000000008e+00
   5.0058333333333334e+00
   5.0238333333333340e+00
   5.0384166666666674e+00
   5.0424166666666670e+00
   5.0377500000000008e+00
   5.0314166666666678e+00
   5.0200833333333339e+00
   5.0018333333333338e+00
   4.9897499999999999e+00
   4.9858333333333338e+00
   4.9915000000000003e+00
   5.0134166666666671e+00
   5.0209999999999999e+00
   5.0308333333333337e+00
   5.0390833333333331e+00
   5.0389999999999997e+00
   5.0467499999999994e+00
   5.0415833333333335e+00
   5.0413333333333323e+00
   5.0520000000000005e+00
   5.0627499999999994e+00
   5.0842499999999990e+00
   5.1053333333333324e+00
   5.1235833333333316e+00
   5.1374166666666650e+00
   5.1484999999999985e+00
   5.1624999999999988e+00
   5.1672499999999983e+00
   5.1582499999999980e+00
   5.1599999999999984e+00
   5.1658333333333326e+00
   5.1819999999999986e+00
   5.1933333333333316e+00
   5.2054999999999989e+00
   5.2182499999999994e+00
   5.2213333333333329e+00
   5.2249166666666671e+00
   5.2301666666666664e+00
   5.2439166666666663e+00
   5.2571666666666665e+00
   5.2577500000000006e+00
   5.2671666666666672e+00
   5.2814166666666678e+00
   5.2878333333333343e+00
   5.2845000000000004e+00
   5.2848333333333342e+00
   5.2844166666666679e+00
   5.2868333333333339e+00
   5.2969166666666672e+00
   5.2978333333333341e+00
   5.3000000000000007e+00
   5.2990833333333338e+00
   5.3047500000000012e+00
   5.3087500000000016e+00
   5.3191666666666686e+00
   5.3187500000000005e+00
   5.3266666666666680e+00
   5.3308333333333344e+00
   5.3289166666666681e+00
   5.3286666666666678e+00
   5.3318333333333348e+00
   5.3593333333333346e+00
   5.3901666666666674e+00
   5.4140833333333340e+00
   5.4433333333333334e+00
   5.4550833333333344e+00
   5.4674166666666677e+00
   5.4658333333333342e+00
   5.4643333333333333e+00
   5.4624166666666669e+00
   5.4567500000000004e+00
   5.4590000000000005e+00
   5.4682500000000003e+00
   5.4824166666666665e+00
   5.5024166666666661e+00
   5.5219166666666668e+00
   5.5380000000000003e+00
   5.5487500000000001e+00
   5.5580833333333333e+00
   5.5650833333333329e+00
   5.5620833333333328e+00
   5.5699166666666660e+00
   5.5770833333333325e+00
   5.5817499999999995e+00
   5.5789999999999988e+00
   5.5733333333333333e+00
   5.5708333333333320e+00
   5.5623333333333322e+00
   5.5531666666666659e+00
   5.5467499999999994e+00
   5.5343333333333327e+00
   5.5109166666666658e+00
   5.4917499999999997e+00
   5.4818333333333324e+00
   5.4768333333333326e+00
   5.4688333333333325e+00
   5.4577499999999990e+00
   5.4463333333333326e+00
   5.4410833333333324e+00
   5.4373333333333314e+00
   5.4264999999999990e+00
   5.4089999999999998e+00
   5.3919166666666660e+00
   5.3794166666666667e+00
   5.3589999999999991e+00
   5.3514166666666663e+00
   5.3449999999999989e+00
   5.3457499999999989e+00
   5.3319166666666664e+00
   5.3204999999999991e+00
   5.3061666666666660e+00
   5.2897499999999997e+00
   5.2732500000000000e+00
   5.2616666666666667e+00
   5.2459166666666670e+00
   5.2408333333333328e+00
   5.2369999999999992e+00
   5.2327499999999993e+00
   5.2262499999999985e+00
   5.2217499999999992e+00
   5.2098333333333322e+00
   5.2057499999999992e+00
   5.2084166666666656e+00
   5.2042499999999992e+00
   5.2053333333333320e+00
   5.2019166666666647e+00
   5.2019166666666647e+00
   5.2108333333333317e+00
   5.2156666666666656e+00
   5.2012499999999990e+00
   5.1864999999999988e+00
   5.1716666666666660e+00
   5.1749166666666655e+00
   5.1619999999999981e+00
   5.1445833333333324e+00
   5.1276666666666664e+00
   5.1130833333333330e+00
   5.1110833333333323e+00
   5.1082500000000000e+00
   5.1062500000000002e+00
   5.1061666666666667e+00
   5.1025000000000000e+00
   5.1007499999999997e+00
   5.0990833333333336e+00
   5.1107499999999995e+00
   5.1219999999999999e+00
   5.1243333333333334e+00
   5.1240833333333322e+00
   5.1403333333333325e+00
   5.1464999999999996e+00
   5.1549166666666659e+00
   5.1657499999999992e+00
   5.1793333333333322e+00
   5.1885833333333320e+00
   5.1960833333333358e+00
   5.2133333333333365e+00
   5.2375000000000025e+00
   5.2436666666666687e+00
   5.2484166666666692e+00
   5.2429166666666687e+00
   5.2456666666666685e+00
   5.2440000000000015e+00
   5.2437500000000021e+00
   5.2561666666666689e+00
   5.2671666666666690e+00
   5.2713333333333354e+00
   5.2744166666666690e+00
   5.2819166666666693e+00
   5.3003333333333353e+00
   5.3163333333333345e+00
   5.3243333333333345e+00
   5.3352500000000020e+00
   5.3397500000000013e+00
   5.3381666666666687e+00
   5.3235000000000010e+00
   5.3170000000000019e+00
   5.3016666666666676e+00
   5.2990000000000013e+00
   5.3068333333333344e+00
   5.3151666666666681e+00
   5.3218333333333341e+00
   5.2995833333333335e+00
   5.2739166666666675e+00
   5.2494166666666668e+00
   5.2280000000000006e+00
   5.2142500000000016e+00
   5.2019166666666674e+00
   5.2043333333333344e+00
   5.2110000000000012e+00
   5.2185000000000006e+00
   5.2242500000000005e+00
   5.2271666666666672e+00
   5.2271666666666672e+00
   5.2265000000000006e+00
   5.2228333333333348e+00
   5.2201666666666675e+00
   5.2172500000000008e+00
   5.2145000000000001e+00
   5.2090833333333331e+00
   5.2072500000000002e+00
   5.1985833333333327e+00
   5.1856666666666662e+00
   5.1759166666666667e+00
   5.1577500000000009e+00
   5.1467499999999990e+00
   5.1369999999999996e+00
   5.1220833333333324e+00
   5.1131666666666664e+00
   5.1004166666666659e+00
   5.0953333333333317e+00
   5.0842499999999990e+00
   5.0819166666666664e+00
   5.0738333333333321e+00
   5.0587499999999999e+00
   5.0254999999999992e+00
   5.0104999999999995e+00
   5.0085833333333332e+00
   5.0025833333333329e+00
   4.9917499999999997e+00
   4.9774166666666666e+00
   4.9712499999999995e+00
   4.9725833333333336e+00
   4.9714999999999998e+00
   4.9720833333333330e+00
   4.9775833333333326e+00
   4.9803333333333324e+00
   4.9793333333333329e+00
   4.9786666666666664e+00
   4.9839166666666666e+00
   4.9855833333333335e+00
   4.9920000000000000e+00
   4.9824166666666665e+00
   4.9749999999999996e+00
   4.9660833333333327e+00
   4.9668333333333328e+00
   4.9602500000000003e+00
   4.9489999999999990e+00
   4.9514166666666659e+00
   4.9539999999999988e+00
   4.9601666666666659e+00
   4.9641666666666664e+00
   4.9656666666666665e+00
   4.9689166666666669e+00
   4.9798333333333327e+00
   4.9863333333333335e+00
   4.9899166666666668e+00
   4.9925833333333323e+00
   5.0009166666666660e+00
   5.0117500000000001e+00
   5.0290833333333333e+00
   5.0503333333333327e+00
   5.0614166666666653e+00
   5.0687499999999988e+00
   5.0778333333333325e+00
   5.0903333333333327e+00
   5.1123333333333330e+00
   5.1343333333333323e+00
   5.1524166666666664e+00
   5.1664166666666658e+00
   5.1736666666666657e+00
   5.1787499999999991e+00
   5.1861666666666659e+00
   5.1872500000000006e+00
   5.1910833333333342e+00
   5.1806666666666672e+00
   5.1729166666666666e+00
   5.1730833333333335e+00
   5.1684999999999990e+00
   5.1475833333333334e+00
   5.1260000000000003e+00
   5.1091666666666669e+00
   5.1037500000000007e+00
   5.0861666666666672e+00
   5.0710833333333332e+00
   5.0571666666666655e+00
   5.0338333333333329e+00
   5.0079166666666657e+00
   4.9955833333333333e+00
   4.9796666666666676e+00
   4.9601666666666668e+00
   4.9450833333333337e+00
   4.9189999999999996e+00
   4.9199999999999999e+00
   4.9056666666666668e+00
   4.9162500000000007e+00
   4.9299999999999988e+00
   4.9572499999999993e+00
   4.9817499999999999e+00
   4.9901666666666662e+00
   4.9926666666666666e+00
   5.0019999999999998e+00
   5.0114999999999998e+00
   5.0197500000000002e+00
   5.0320000000000000e+00
   5.0526666666666671e+00
   5.0740833333333342e+00
   5.0960000000000001e+00
   5.1076666666666677e+00
   5.1035833333333338e+00
   5.1010833333333343e+00
   5.1038333333333332e+00
   5.1092500000000003e+00
   5.1147499999999999e+00
   5.1251666666666669e+00
   5.1411666666666669e+00
   5.1596666666666664e+00
   5.1971666666666660e+00
   5.2244166666666665e+00
   5.2406666666666668e+00
   5.2535833333333333e+00
   5.2674166666666666e+00
   5.2709999999999999e+00
   5.2834166666666667e+00
   5.2915833333333335e+00
   5.3111666666666668e+00
   5.3337499999999993e+00
   5.3549166666666661e+00
   5.3735833333333325e+00
   5.3964166666666662e+00
   5.4103333333333330e+00
   5.4292499999999997e+00
   5.4513333333333325e+00
   5.4719999999999986e+00
   5.4953333333333321e+00
   5.5189166666666667e+00
   5.5524166666666668e+00
   5.5938333333333334e+00
   5.6232499999999996e+00
   5.6494166666666672e+00
   5.6654166666666672e+00
   5.6934166666666668e+00
   5.7183333333333337e+00
   5.7434166666666666e+00
   5.7716666666666665e+00
   5.8199166666666677e+00
   5.8529166666666681e+00
   5.8734166666666674e+00
   5.8992500000000003e+00
   5.9225000000000003e+00
   5.9525833333333331e+00
   5.9621666666666666e+00
   5.9709166666666667e+00
   5.9736666666666656e+00
   5.9712499999999995e+00
   5.9739166666666659e+00
   5.9861666666666657e+00
   6.0010000000000003e+00
   6.0205833333333327e+00
   6.0362499999999990e+00
   6.0504999999999995e+00
   6.0701666666666663e+00
   6.1020000000000003e+00
   6.1317500000000003e+00
   6.1601666666666670e+00
   6.1803333333333343e+00
   6.2035833333333334e+00
   6.2224999999999993e+00
   6.2281666666666657e+00
   6.2461666666666664e+00
   6.2598333333333320e+00
   6.2765833333333321e+00
   6.2924166666666652e+00
   6.3067499999999983e+00
   6.3202499999999997e+00
   6.3334166666666656e+00
   6.3229999999999995e+00
   6.3267499999999997e+00
   6.3221666666666660e+00
   6.3191666666666659e+00
   6.3301666666666669e+00
   6.3213333333333335e+00
   6.3171666666666670e+00
   6.3088333333333342e+00
   6.3116666666666665e+00
   6.3155833333333327e+00
   6.3326666666666656e+00
   6.3486666666666656e+00
   6.3643333333333318e+00
   6.3781666666666661e+00
   6.3929999999999980e+00
   6.3959166666666656e+00
   6.4004166666666640e+00
   6.4218333333333311e+00
   6.4359166666666647e+00
   6.4577499999999981e+00
   6.4773333333333314e+00
   6.4894166666666653e+00
   6.5049166666666647e+00
   6.5356666666666650e+00
   6.5733333333333315e+00
   6.6046666666666649e+00
   6.6244166666666651e+00
   6.6514999999999977e+00
   6.6804166666666642e+00
   6.7011666666666692e+00
   6.7196666666666696e+00
   6.7338333333333358e+00
   6.7515833333333353e+00
   6.7794166666666689e+00
   6.8083333333333362e+00
   6.8349166666666692e+00
   6.8818333333333355e+00
   6.9002500000000015e+00
   6.9285000000000023e+00
   6.9353333333333351e+00
   6.9263333333333348e+00
   6.9106666666666685e+00
   6.8933333333333344e+00
   6.8895000000000017e+00
   6.8951666666666682e+00
   6.8975000000000026e+00
   6.8992500000000012e+00
   6.9085000000000019e+00
   6.9198333333333348e+00
   6.9270833333333348e+00
   6.9266666666666685e+00
   6.9082500000000016e+00
   6.8993333333333347e+00
   6.8956666666666679e+00
   6.9098333333333350e+00
   6.9177500000000007e+00
   6.9345000000000008e+00
   6.9516666666666671e+00
   6.9499166666666667e+00
   6.9394999999999998e+00
   6.9325833333333344e+00
   6.9094166666666679e+00
   6.8847500000000004e+00
   6.8665000000000012e+00
   6.8507500000000014e+00
   6.8396666666666670e+00
   6.8439166666666669e+00
   6.8411666666666662e+00
   6.8415833333333325e+00
   6.8269999999999982e+00
   6.8084166666666652e+00
   6.7851666666666661e+00
   6.7572499999999991e+00
   6.7239166666666659e+00
   6.7044999999999986e+00
   6.6869166666666651e+00
   6.6779166666666656e+00
   6.6743333333333323e+00
   6.6818333333333326e+00
   6.6878333333333320e+00
   6.6751666666666649e+00
   6.6597499999999989e+00
   6.6443333333333312e+00
   6.6294999999999975e+00
   6.6035833333333320e+00
   6.5759166666666653e+00
   6.5504166666666643e+00
   6.5309999999999979e+00
   6.5053333333333319e+00
   6.4567499999999987e+00
   6.4139166666666654e+00
   6.3744166666666651e+00
   6.3336666666666650e+00
   6.2937499999999993e+00
   6.2547499999999996e+00
   6.2261666666666660e+00
   6.2001666666666653e+00
   6.1829166666666655e+00
   6.1614166666666659e+00
   6.1322499999999991e+00
   6.1052499999999990e+00
   6.0820833333333315e+00
   6.0657499999999986e+00
   6.0474166666666651e+00
   6.0262499999999992e+00
   6.0049166666666656e+00
   5.9834166666666659e+00
   5.9560833333333330e+00
   5.9242499999999989e+00
   5.8909999999999991e+00
   5.8455833333333329e+00
   5.8179166666666662e+00
   5.7925833333333339e+00
   5.7629999999999999e+00
   5.7341666666666660e+00
   5.7097499999999997e+00
   5.6864166666666671e+00
   5.6507500000000004e+00
   5.6168333333333331e+00
   5.5740833333333333e+00
   5.5578333333333338e+00
   5.5304166666666665e+00
   5.5168333333333335e+00
   5.4963333333333333e+00
   5.4790833333333335e+00
   5.4777499999999995e+00
   5.4711666666666661e+00
   5.4736666666666656e+00
   5.4623333333333335e+00
   5.4518333333333322e+00
   5.4189166666666662e+00
   5.3870833333333330e+00
   5.3600833333333329e+00
   5.3270000000000000e+00
   5.2891666666666657e+00
   5.2769166666666667e+00
   5.2607499999999998e+00
   5.2146666666666670e+00
   5.1749166666666664e+00
   5.1372499999999999e+00
   5.0986666666666673e+00
   5.0714166666666669e+00
   5.0455000000000005e+00
   5.0212500000000002e+00
   4.9923333333333337e+00
   4.9627499999999998e+00
   4.9278333333333340e+00
   4.8977500000000012e+00
   4.8716666666666679e+00
   4.8487500000000017e+00
   4.8282500000000015e+00
   4.8077500000000013e+00
   4.7876666666666674e+00
   4.7610833333333344e+00
   4.7450833333333344e+00
   4.7291666666666679e+00
   4.6960833333333341e+00
   4.6591666666666667e+00
   4.6277500000000007e+00
   4.5913333333333339e+00
   4.5690000000000008e+00
   4.5394166666666669e+00
   4.5097500000000004e+00
   4.4975833333333339e+00
   4.4818333333333333e+00
   4.4594166666666677e+00
   4.4404166666666667e+00
   4.4163333333333332e+00
   4.3879999999999999e+00
   4.3613333333333335e+00
   4.3398333333333339e+00
   4.3310833333333338e+00
   4.3021666666666665e+00
   4.2993333333333341e+00
   4.2778333333333336e+00
   4.2573333333333343e+00
   4.2355000000000000e+00
   4.2129166666666675e+00
   4.1910833333333342e+00
   4.1881666666666666e+00
   4.1811666666666669e+00
   4.1714166666666674e+00
   4.1615833333333336e+00
   4.1629166666666668e+00
   4.1683333333333339e+00
   4.1776666666666662e+00
   4.1819166666666661e+00
   4.1907499999999995e+00
   4.1997499999999999e+00
   4.1965833333333329e+00
   4.1949166666666668e+00
   4.2066666666666670e+00
   4.2255833333333337e+00
   4.2487500000000002e+00
   4.2707500000000005e+00
   4.2891666666666675e+00
   4.2936666666666667e+00
   4.2941666666666674e+00
   4.2861666666666673e+00
   4.2817500000000006e+00
   4.2758333333333347e+00
   4.2714166666666680e+00
   4.2580000000000009e+00
   4.2472500000000002e+00
   4.2310833333333342e+00
   4.2149166666666682e+00
   4.2008333333333345e+00
   4.2036666666666678e+00
   4.2095833333333355e+00
   4.2485000000000017e+00
   4.2869166666666683e+00
   4.3202500000000015e+00
   4.3580000000000014e+00
   4.3992500000000012e+00
   4.4327500000000013e+00
   4.4607500000000018e+00
   4.4762500000000012e+00
   4.5114166666666673e+00
   4.5570000000000013e+00
   4.6051666666666673e+00
   4.6382500000000011e+00
   4.6620000000000008e+00
   4.6789166666666677e+00
   4.7035833333333334e+00
   4.7267500000000009e+00
   4.7446666666666681e+00
   4.7640000000000002e+00
   4.7812500000000009e+00
   4.8009166666666676e+00
   4.8337500000000011e+00
   4.8756666666666684e+00
   4.8977500000000012e+00
   4.9186666666666676e+00
   4.9403333333333341e+00
   4.9610833333333346e+00
   4.9820000000000011e+00
   5.0027500000000016e+00
   5.0320833333333344e+00
   5.0545000000000018e+00
   5.0941666666666681e+00
   5.1216666666666670e+00
   5.1461666666666668e+00
   5.1563333333333334e+00
   5.1825833333333327e+00
   5.1892499999999995e+00
   5.1969166666666666e+00
   5.2082500000000005e+00
   5.2146666666666679e+00
   5.2180833333333343e+00
   5.2179166666666674e+00
   5.2230000000000008e+00
   5.2401666666666671e+00
   5.2457500000000010e+00
   5.2592500000000024e+00
   5.2820833333333352e+00
   5.2984166666666690e+00
   5.3171666666666688e+00
   5.3480000000000016e+00
   5.3798333333333348e+00
   5.4016666666666682e+00
   5.4215833333333343e+00
   5.4375833333333343e+00
   5.4589166666666671e+00
   5.4752500000000008e+00
   5.4893333333333345e+00
   5.5015000000000018e+00
   5.5203333333333351e+00
   5.5390833333333358e+00
   5.5480000000000018e+00
   5.5619166666666668e+00
   5.5798333333333350e+00
   5.5969166666666679e+00
   5.6070000000000011e+00
   5.6241666666666683e+00
   5.6296666666666688e+00
   5.6374166666666685e+00
   5.6500833333333356e+00
   5.6640000000000024e+00
   5.6706666666666683e+00
   5.6876666666666695e+00
   5.7064166666666694e+00
   5.7351666666666690e+00
   5.7580833333333352e+00
   5.7432500000000015e+00
   5.7391666666666685e+00
   5.7637500000000017e+00
   5.7855000000000008e+00
   5.7927500000000007e+00
   5.7968333333333346e+00
   5.8048333333333337e+00
   5.8217499999999998e+00
   5.8439166666666669e+00
   5.8841666666666672e+00
   5.8975000000000000e+00
   5.9162500000000016e+00
   5.9315833333333350e+00
   5.9264166666666682e+00
   5.9215833333333352e+00
   5.9255833333333348e+00
   5.9080000000000021e+00
   5.8968333333333343e+00
   5.8993333333333338e+00
   5.9034166666666676e+00
   5.8935833333333347e+00
   5.8758333333333335e+00
   5.8715000000000002e+00
   5.8552499999999998e+00
   5.8357500000000000e+00
   5.8129166666666672e+00
   5.8011666666666679e+00
   5.7955000000000005e+00
   5.7879166666666659e+00
   5.7842500000000001e+00
   5.7817499999999997e+00
   5.7715833333333340e+00
   5.7619166666666670e+00
   5.7586666666666666e+00
   5.7529166666666658e+00
   5.7384999999999993e+00
   5.7219999999999986e+00
   5.7217499999999992e+00
   5.7092499999999990e+00
   5.7049999999999992e+00
   5.7018333333333340e+00
   5.7118333333333329e+00
   5.7258333333333322e+00
   5.7438333333333320e+00
   5.7519166666666646e+00
   5.7609166666666649e+00
   5.7494166666666651e+00
   5.7326666666666650e+00
   5.7174166666666659e+00
   5.6951666666666654e+00
   5.6678333333333324e+00
   5.6485833333333328e+00
   5.6414166666666654e+00
   5.6441666666666652e+00
   5.6214999999999984e+00
   5.5963333333333320e+00
   5.5687499999999979e+00
   5.5511666666666653e+00
   5.5390833333333322e+00
   5.5174999999999992e+00
   5.4900833333333328e+00
   5.4701666666666666e+00
   5.4485833333333327e+00
   5.4439999999999991e+00
   5.4473333333333320e+00
   5.4579166666666650e+00
   5.4505833333333316e+00
   5.4509166666666662e+00
   5.4569166666666664e+00
   5.4617499999999994e+00
   5.4429999999999996e+00
   5.4208333333333334e+00
   5.3929999999999998e+00
   5.3738333333333328e+00
   5.3700000000000001e+00
   5.3713333333333333e+00
   5.3600833333333338e+00
   5.3683333333333341e+00
   5.3850833333333332e+00
   5.4088333333333329e+00
   5.4234166666666663e+00
   5.4317499999999992e+00
   5.4344999999999999e+00
   5.4345833333333333e+00
   5.4303333333333335e+00
   5.4360000000000008e+00
   5.4444166666666662e+00
   5.4470000000000001e+00
   5.4422500000000005e+00
   5.4610833333333337e+00
   5.4731666666666676e+00
   5.4806666666666670e+00
   5.4817500000000008e+00
   5.4776666666666669e+00
   5.4810833333333342e+00
   5.4714166666666681e+00
   5.4680000000000017e+00
   5.4674166666666677e+00
   5.4645000000000010e+00
   5.4531666666666672e+00
   5.4445833333333331e+00
   5.4370000000000003e+00
   5.4320000000000004e+00
   5.4330833333333333e+00
   5.4351666666666665e+00
   5.4344166666666673e+00
   5.4329999999999989e+00
   5.4278333333333331e+00
   5.4235000000000007e+00
   5.4197499999999996e+00
   5.4184999999999999e+00
   5.4158333333333335e+00
   5.4136666666666660e+00
   5.4110833333333330e+00
   5.4109999999999987e+00
   5.4184166666666647e+00
   5.4228333333333314e+00
   5.4219999999999979e+00
   5.4157499999999983e+00
   5.4154166666666637e+00
   5.4341666666666644e+00
   5.4419166666666650e+00
   5.4244166666666640e+00
   5.4062499999999982e+00
   5.4098333333333324e+00
   5.4208333333333316e+00
   5.4266666666666650e+00
   5.4244166666666649e+00
   5.4229166666666648e+00
   5.4161666666666655e+00
   5.4102499999999987e+00
   5.3948333333333318e+00
   5.3846666666666652e+00
   5.3965833333333313e+00
   5.4084166666666649e+00
   5.4234999999999980e+00
   5.4412499999999984e+00
   5.4567499999999978e+00
   5.4594999999999976e+00
   5.4596666666666653e+00
   5.4543333333333317e+00
   5.4528333333333316e+00
   5.4312499999999977e+00
   5.4267499999999984e+00
   5.4200833333333325e+00
   5.4166666666666661e+00
   5.4180833333333318e+00
   5.4119166666666665e+00
   5.3961666666666668e+00
   5.3820833333333322e+00
   5.3672499999999994e+00
   5.3539166666666658e+00
   5.3436666666666657e+00
   5.3272499999999985e+00
   5.3132499999999991e+00
   5.3083333333333327e+00
   5.2984166666666663e+00
   5.2784166666666659e+00
   5.2691666666666661e+00
   5.2654166666666660e+00
   5.2625833333333336e+00
   5.2616666666666658e+00
   5.2570833333333322e+00
   5.2464166666666658e+00
   5.2348333333333334e+00
   5.2274166666666666e+00
   5.2151666666666667e+00
   5.2035833333333334e+00
   5.1950833333333337e+00
   5.1891666666666669e+00
   5.1875000000000000e+00
   5.1722500000000000e+00
   5.1482500000000000e+00
   5.1295833333333327e+00
   5.1166666666666663e+00
   5.1001666666666665e+00
   5.0830833333333336e+00
   5.0623333333333331e+00
   5.0536666666666674e+00
   5.0597500000000002e+00
   5.0639166666666675e+00
   5.0637500000000006e+00
   5.0707500000000003e+00
   5.0693333333333337e+00
   5.0577500000000004e+00
   5.0405833333333332e+00
   5.0379166666666668e+00
   5.0272499999999996e+00
   5.0224166666666674e+00
   5.0188333333333333e+00
   5.0303333333333340e+00
   5.0461666666666671e+00
   5.0607500000000005e+00
   5.0681666666666674e+00
   5.0606666666666671e+00
   5.0543333333333340e+00
   5.0535000000000005e+00
   5.0453333333333337e+00
   5.0266666666666673e+00
   5.0010833333333329e+00
   4.9817499999999999e+00
   4.9768333333333334e+00
   4.9764999999999997e+00
   4.9800000000000004e+00
   4.9808333333333339e+00
   4.9770833333333337e+00
   4.9784166666666660e+00
   4.9847500000000000e+00
   4.9863333333333326e+00
   4.9720833333333330e+00
   4.9629166666666666e+00
   4.9497499999999981e+00
   4.9342499999999996e+00
   4.9214999999999991e+00
   4.9059999999999997e+00
   4.9053333333333331e+00
   4.9009166666666655e+00
   4.8887499999999999e+00
   4.8725833333333330e+00
   4.8594999999999997e+00
   4.8575833333333343e+00
   4.8590000000000000e+00
   4.8682500000000006e+00
   4.8635833333333336e+00
   4.8580000000000005e+00
   4.8534166666666660e+00
   4.8458333333333332e+00
   4.8421666666666674e+00
   4.8440000000000003e+00
   4.8420000000000005e+00
   4.8304166666666672e+00
   4.8267500000000005e+00
   4.8274999999999997e+00
   4.8274166666666662e+00
   4.8297500000000007e+00
   4.8318333333333330e+00
   4.8260833333333331e+00
   4.8213333333333326e+00
   4.8170833333333327e+00
   4.8181666666666674e+00
   4.8165000000000004e+00
   4.8150833333333329e+00
   4.8150833333333329e+00
   4.8160833333333333e+00
   4.8133333333333335e+00
   4.8120833333333337e+00
   4.8120833333333337e+00
   4.8125833333333334e+00
   4.8175833333333333e+00
   4.8222499999999995e+00
   4.8250833333333336e+00
   4.8252499999999996e+00
   4.8235833333333327e+00
   4.8160833333333333e+00
   4.8105833333333328e+00
   4.8061666666666669e+00
   4.7998333333333338e+00
   4.7937500000000002e+00
   4.7910833333333329e+00
   4.7921666666666658e+00
   4.8038333333333325e+00
   4.8168333333333333e+00
   4.8310833333333338e+00
   4.8401666666666658e+00
   4.8519166666666660e+00
   4.8579166666666662e+00
   4.8588333333333331e+00
   4.8629166666666661e+00
   4.8624999999999998e+00
   4.8564999999999996e+00
   4.8515833333333331e+00
   4.8540833333333335e+00
   4.8597500000000000e+00
   4.8625833333333333e+00
   4.8654999999999990e+00
   4.8689999999999989e+00
   4.8687499999999995e+00
   4.8667499999999988e+00
   4.8671666666666660e+00
   4.8664166666666651e+00
   4.8636666666666653e+00
   4.8591666666666660e+00
   4.8543333333333312e+00
   4.8561666666666650e+00
   4.8598333333333317e+00
   4.8584166666666651e+00
   4.8740833333333313e+00
   4.8844999999999983e+00
   4.8941666666666643e+00
   4.8990833333333326e+00
   4.8928333333333320e+00
   4.8920833333333311e+00
   4.8964999999999987e+00
   4.8947499999999984e+00
   4.9049999999999985e+00
   4.9186666666666650e+00
   4.9353333333333316e+00
   4.9491666666666649e+00
   4.9574166666666644e+00
   4.9607499999999982e+00
   4.9544166666666642e+00
   4.9534166666666639e+00
   4.9469166666666640e+00
   4.9380833333333305e+00
   4.9400833333333312e+00
   4.9382499999999974e+00
   4.9334166666666643e+00
   4.9289166666666651e+00
   4.9204166666666653e+00
   4.9174166666666652e+00
   4.9183333333333321e+00
   4.9186666666666650e+00
   4.9274999999999984e+00
   4.9348333333333319e+00
   4.9488333333333321e+00
   4.9635833333333323e+00
   4.9691666666666654e+00
   4.9724166666666649e+00
   4.9776666666666651e+00
   4.9889166666666656e+00
   4.9664999999999981e+00
   4.9389166666666657e+00
   4.9246666666666652e+00
   4.9214166666666648e+00
   4.9251666666666658e+00
   4.9334999999999987e+00
   4.9419999999999984e+00
   4.9459999999999980e+00
   4.9524999999999988e+00
   4.9572499999999984e+00
   4.9747499999999985e+00
   5.0026666666666646e+00
   5.0284999999999975e+00
   5.0540833333333319e+00
   5.0698333333333316e+00
   5.0838333333333310e+00
   5.0918333333333310e+00
   5.1114999999999977e+00
   5.1409166666666648e+00
   5.1744999999999974e+00
   5.1959166666666645e+00
   5.2177499999999979e+00
   5.2324166666666647e+00
   5.2444999999999977e+00
   5.2459999999999978e+00
   5.2567499999999985e+00
   5.2711666666666650e+00
   5.2906666666666649e+00
   5.3017499999999984e+00
   5.3224166666666646e+00
   5.3391666666666646e+00
   5.3495833333333298e+00
   5.3550833333333303e+00
   5.3408333333333315e+00
   5.3326666666666647e+00
   5.3269166666666639e+00
   5.3403333333333309e+00
   5.3579999999999988e+00
   5.3805833333333313e+00
   5.3894999999999982e+00
   5.3916666666666648e+00
   5.3999999999999977e+00
   5.4069166666666648e+00
   5.4134999999999982e+00
   5.4237499999999983e+00
   5.4249166666666646e+00
   5.4167499999999977e+00
   5.4277499999999979e+00
   5.4334999999999978e+00
   5.4416666666666647e+00
   5.4615833333333317e+00
   5.4831666666666639e+00
   5.5066666666666642e+00
   5.5370833333333307e+00
   5.5655833333333309e+00
   5.5939999999999968e+00
   5.6165833333333302e+00
   5.6354999999999968e+00
   5.6400833333333313e+00
   5.6434999999999977e+00
   5.6542499999999967e+00
   5.6697499999999970e+00
   5.6834999999999969e+00
   5.6967499999999971e+00
   5.7078333333333298e+00
   5.7214166666666646e+00
   5.7379999999999978e+00
   5.7515833333333299e+00
   5.7822499999999968e+00
   5.8165833333333303e+00
   5.8505833333333310e+00
   5.8729999999999967e+00
   5.8899166666666645e+00
   5.9069999999999974e+00
   5.9267499999999975e+00
   5.9549166666666640e+00
   5.9918333333333305e+00
   6.0313333333333308e+00
   6.0732499999999972e+00
   6.0945833333333308e+00
   6.1167499999999970e+00
   6.1387499999999973e+00
   6.1660833333333303e+00
   6.1937499999999970e+00
   6.2124166666666643e+00
   6.2446666666666637e+00
   6.2662499999999968e+00
   6.2924166666666643e+00
   6.3168333333333306e+00
   6.3430833333333299e+00
   6.3823333333333307e+00
   6.4221666666666639e+00
   6.4674999999999976e+00
   6.5119166666666635e+00
   6.5382499999999970e+00
   6.5649166666666643e+00
   6.5919999999999979e+00
   6.6208333333333309e+00
   6.6431666666666631e+00
   6.6685833333333298e+00
   6.6944166666666645e+00
   6.7109166666666642e+00
   6.7264166666666654e+00
   6.7208333333333314e+00
   6.7145833333333318e+00
   6.7166666666666650e+00
   6.7284166666666643e+00
   6.7439166666666646e+00
   6.7661666666666651e+00
   6.7816666666666645e+00
   6.7900833333333308e+00
   6.8048333333333311e+00
   6.8204166666666639e+00
   6.8276666666666639e+00
   6.8372499999999983e+00
   6.8449166666666645e+00
   6.8608333333333311e+00
   6.8789166666666643e+00
   6.8972499999999970e+00
   6.9107499999999966e+00
   6.9516666666666636e+00
   6.9883333333333297e+00
   7.0161666666666633e+00
   7.0294999999999970e+00
   7.0397499999999971e+00
   7.0536666666666630e+00
   7.0623333333333296e+00
   7.0769166666666630e+00
   7.0837499999999967e+00
   7.0864166666666630e+00
   7.0756666666666632e+00
   7.0584999999999969e+00
   7.0504999999999969e+00
   7.0450833333333298e+00
   7.0511666666666635e+00
   7.0513333333333303e+00
   7.0630833333333296e+00
   7.0709166666666627e+00
   7.0719999999999965e+00
   7.0688333333333295e+00
   7.0595833333333298e+00
   7.0431666666666626e+00
   7.0260833333333297e+00
   7.0179999999999962e+00
   7.0178333333333294e+00
   7.0032499999999960e+00
   6.9994166666666642e+00
   6.9916666666666645e+00
   6.9868333333333315e+00
   6.9738333333333316e+00
   6.9635833333333315e+00
   6.9534166666666639e+00
   6.9436666666666635e+00
   6.9544999999999968e+00
   6.9517499999999961e+00
   6.9459166666666636e+00
   6.9256666666666638e+00
   6.9119166666666647e+00
   6.8986666666666645e+00
   6.8937499999999972e+00
   6.8719999999999972e+00
   6.8559999999999972e+00
   6.8570833333333310e+00
   6.8478333333333312e+00
   6.8364166666666648e+00
   6.8244999999999987e+00
   6.8201666666666654e+00
   6.7847499999999989e+00
   6.7665833333333314e+00
   6.7545833333333318e+00
   6.7326666666666650e+00
   6.7279999999999980e+00
   6.7208333333333314e+00
   6.7144999999999992e+00
   6.7096666666666653e+00
   6.6875833333333334e+00
   6.6732499999999995e+00
   6.6652499999999995e+00
   6.6481666666666657e+00
   6.6302499999999993e+00
   6.6144166666666653e+00
   6.5924999999999994e+00
   6.5849999999999982e+00
   6.5746666666666664e+00
   6.5666666666666664e+00
   6.5503333333333327e+00
   6.5408333333333335e+00
   6.5311666666666666e+00
   6.5129166666666665e+00
   6.4885833333333327e+00
   6.4757499999999997e+00
   6.4584999999999981e+00
   6.4435833333333319e+00
   6.4297499999999985e+00
   6.4119999999999981e+00
   6.3859999999999992e+00
   6.3575833333333325e+00
   6.3339166666666662e+00
   6.3054166666666669e+00
   6.2970833333333331e+00
   6.2944166666666659e+00
   6.2955833333333340e+00
   6.2893333333333334e+00
   6.2760833333333332e+00
   6.2612500000000004e+00
   6.2328333333333337e+00
   6.2079166666666667e+00
   6.1766666666666667e+00
   6.1567500000000006e+00
   6.1397500000000012e+00
   6.1105000000000009e+00
   6.0853333333333337e+00
   6.0578333333333338e+00
   6.0322500000000012e+00
   6.0127499999999996e+00
   5.9902500000000005e+00
   5.9637500000000010e+00
   5.9352499999999999e+00
   5.9153333333333338e+00
   5.8901666666666674e+00
   5.8742500000000009e+00
   5.8657500000000011e+00
   5.8470833333333339e+00
   5.8461666666666670e+00
   5.8485833333333348e+00
   5.8465000000000016e+00
   5.8269166666666674e+00
   5.8019166666666679e+00
   5.7865000000000011e+00
   5.7580000000000009e+00
   5.7319166666666677e+00
   5.7000833333333354e+00
   5.6683333333333348e+00
   5.6382500000000011e+00
   5.6070000000000011e+00
   5.5845833333333337e+00
   5.5621666666666671e+00
   5.5415833333333344e+00
   5.5160833333333352e+00
   5.4877500000000019e+00
   5.4643333333333342e+00
   5.4434166666666677e+00
   5.4180000000000010e+00
   5.4019166666666676e+00
   5.3890833333333346e+00
   5.3735000000000017e+00
   5.3525833333333344e+00
   5.3330833333333345e+00
   5.3188333333333340e+00
   5.3157500000000004e+00
   5.3167500000000016e+00
   5.3162500000000010e+00
   5.3140833333333344e+00
   5.3095833333333351e+00
   5.3028333333333348e+00
   5.2948333333333339e+00
   5.2918333333333338e+00
   5.2864166666666668e+00
   5.2813333333333334e+00
   5.2763333333333327e+00
   5.2732500000000000e+00
   5.2783333333333333e+00
   5.2828333333333326e+00
   5.2873333333333328e+00
   5.2944999999999993e+00
   5.3127499999999985e+00
   5.3089166666666650e+00
   5.3061666666666660e+00
   5.3034999999999988e+00
   5.3050833333333323e+00
   5.3078333333333321e+00
   5.3258333333333319e+00
   5.3515833333333322e+00
   5.3746666666666654e+00
   5.4026666666666650e+00
   5.4313333333333311e+00
   5.4599999999999982e+00
   5.4897499999999981e+00
   5.5146666666666651e+00
   5.5234999999999985e+00
   5.5435833333333324e+00
   5.5517499999999984e+00
   5.5637499999999989e+00
   5.5855833333333322e+00
   5.6019166666666660e+00
   5.6364999999999990e+00
   5.6728333333333323e+00
   5.7079166666666650e+00
   5.7287499999999989e+00
   5.7458333333333327e+00
   5.7654166666666660e+00
   5.7801666666666653e+00
   5.7954999999999997e+00
   5.8001666666666667e+00
   5.7974166666666660e+00
   5.8085833333333330e+00
   5.8231666666666664e+00
   5.8350833333333334e+00
   5.8626666666666667e+00
   5.9011666666666667e+00
   5.9306666666666672e+00
   5.9549166666666657e+00
   5.9710833333333335e+00
   5.9905833333333325e+00
   5.9998333333333331e+00
   6.0251666666666663e+00
   6.0393333333333334e+00
   6.0578333333333330e+00
   6.0782499999999988e+00
   6.0999166666666671e+00
   6.1105000000000000e+00
   6.1254166666666663e+00
   6.1393333333333340e+00
   6.1514166666666670e+00
   6.1647500000000006e+00
   6.1738333333333344e+00
   6.1937499999999996e+00
   6.2039999999999997e+00
   6.2239166666666668e+00
   6.2469166666666665e+00
   6.2634166666666662e+00
   6.2766666666666673e+00
   6.2940833333333330e+00
   6.3090833333333327e+00
   6.3228333333333335e+00
   6.3365833333333326e+00
   6.3469999999999986e+00
   6.3627500000000001e+00
   6.3775833333333329e+00
   6.3907499999999988e+00
   6.4107499999999984e+00
   6.4260833333333327e+00
   6.4344166666666656e+00
   6.4296666666666660e+00
   6.4308333333333332e+00
   6.4479999999999995e+00
   6.4687500000000000e+00
   6.4890833333333342e+00
   6.5171666666666672e+00
   6.5313333333333334e+00
   6.5427499999999998e+00
   6.5576666666666670e+00
   6.5837500000000002e+00
   6.6125833333333341e+00
   6.6336666666666684e+00
   6.6567500000000015e+00
   6.6861666666666677e+00
   6.7172500000000017e+00
   6.7267500000000018e+00
   6.7341666666666686e+00
   6.7318333333333360e+00
   6.7405000000000026e+00
   6.7448333333333350e+00
   6.7558333333333360e+00
   6.7700000000000014e+00
   6.7881666666666680e+00
   6.8019166666666688e+00
   6.8051666666666675e+00
   6.8130833333333349e+00
   6.8318333333333348e+00
   6.8436666666666666e+00
   6.8511666666666677e+00
   6.8690833333333341e+00
   6.8866666666666676e+00
   6.9040833333333333e+00
   6.9250833333333333e+00
   6.9404166666666676e+00
   6.9532500000000006e+00
   6.9700000000000006e+00
   6.9797500000000001e+00
   6.9831666666666665e+00
   6.9900833333333328e+00
   6.9959166666666670e+00
   7.0051666666666668e+00
   7.0071666666666665e+00
   7.0163333333333329e+00
   7.0155833333333337e+00
   7.0175833333333335e+00
   7.0228333333333328e+00
   7.0339166666666664e+00
   7.0491666666666664e+00
   7.0644999999999998e+00
   7.0774166666666671e+00
   7.0889166666666661e+00
   7.0819999999999999e+00
   7.0808333333333335e+00
   7.0909999999999993e+00
   7.1025000000000000e+00
   7.1157500000000011e+00
   7.1285000000000007e+00
   7.1495833333333350e+00
   7.1509166666666681e+00
   7.1440833333333353e+00
   7.1374166666666685e+00
   7.1290833333333357e+00
   7.1220000000000017e+00
   7.1141666666666685e+00
   7.0987500000000017e+00
   7.0836666666666686e+00
   7.0810000000000013e+00
   7.0961666666666678e+00
   7.1118333333333341e+00
   7.1020833333333337e+00
   7.0928333333333340e+00
   7.0919166666666671e+00
   7.0821666666666676e+00
   7.0647500000000010e+00
   7.0655833333333335e+00
   7.0634166666666669e+00
   7.0507499999999990e+00
   7.0359166666666662e+00
   7.0230833333333331e+00
   7.0080833333333334e+00
   7.0019166666666672e+00
   7.0016666666666669e+00
   7.0013333333333332e+00
   6.9894999999999987e+00
   6.9814999999999996e+00
   6.9791666666666661e+00
   6.9667500000000002e+00
   6.9536666666666660e+00
   6.9429999999999987e+00
   6.9264166666666656e+00
   6.9149166666666666e+00
   6.9040833333333333e+00
   6.8854999999999995e+00
   6.8687500000000004e+00
   6.8516666666666657e+00
   6.8249166666666667e+00
   6.7951666666666659e+00
   6.7649999999999997e+00
   6.7435833333333335e+00
   6.7148333333333330e+00
   6.6978333333333335e+00
   6.6949999999999985e+00
   6.6912499999999993e+00
   6.6790833333333337e+00
   6.6707500000000000e+00
   6.6554166666666665e+00
   6.6377499999999996e+00
   6.6150833333333336e+00
   6.5918333333333328e+00
   6.5689166666666665e+00
   6.5496666666666670e+00
   6.5363333333333333e+00
   6.5262500000000010e+00
   6.5159166666666675e+00
   6.5065833333333352e+00
   6.4836666666666680e+00
   6.4572500000000010e+00
   6.4431666666666674e+00
   6.4345000000000008e+00
   6.4351666666666665e+00
   6.4423333333333348e+00
   6.4385833333333347e+00
   6.4215833333333343e+00
   6.4067500000000015e+00
   6.3875833333333345e+00
   6.3520833333333346e+00
   6.3286666666666669e+00
   6.3256666666666677e+00
   6.3106666666666680e+00
   6.2995000000000010e+00
   6.2861666666666682e+00
   6.2697500000000010e+00
   6.2428333333333343e+00
   6.2084166666666682e+00
   6.1825000000000010e+00
   6.1625833333333340e+00
   6.1578333333333335e+00
   6.1712500000000015e+00
   6.1733333333333347e+00
   6.1602500000000022e+00
   6.1509166666666681e+00
   6.1370000000000005e+00
   6.1220000000000008e+00
   6.1156666666666677e+00
   6.1251666666666686e+00
   6.1323333333333343e+00
   6.1292500000000008e+00
   6.1281666666666679e+00
   6.1265000000000009e+00
   6.1095000000000006e+00
   6.0939166666666669e+00
   6.0895000000000001e+00
   6.0761666666666665e+00
   6.0738333333333321e+00
   6.0784999999999991e+00
   6.0756666666666659e+00
   6.0728333333333335e+00
   6.0777500000000000e+00
   6.0806666666666676e+00
   6.0830833333333336e+00
   6.0844166666666677e+00
   6.0898333333333330e+00
   6.0976666666666670e+00
   6.1034999999999995e+00
   6.1089999999999991e+00
   6.1089999999999991e+00
   6.0946666666666660e+00
   6.0701666666666654e+00
   6.0489999999999986e+00
   6.0308333333333319e+00
   6.0090833333333320e+00
   6.0095833333333308e+00
   6.0129166666666647e+00
   6.0102500000000001e+00
   6.0040833333333348e+00
   5.9960833333333348e+00
   5.9937500000000012e+00
   5.9766666666666675e+00
   5.9782500000000010e+00
   5.9690833333333346e+00
   5.9624166666666678e+00
   5.9588333333333345e+00
   5.9516666666666680e+00
   5.9466666666666681e+00
   5.9435833333333346e+00
   5.9369166666666668e+00
   5.9339166666666676e+00
   5.9303333333333343e+00
   5.9227500000000015e+00
   5.9311666666666678e+00
   5.9306666666666681e+00
   5.9273333333333351e+00
   5.9297500000000021e+00
   5.9401666666666690e+00
   5.9475833333333359e+00
   5.9505000000000017e+00
   5.9601666666666677e+00
   5.9695000000000009e+00
   5.9730000000000008e+00
   5.9760833333333343e+00
   5.9684166666666671e+00
   5.9608333333333325e+00
   5.9557500000000001e+00
   5.9602500000000003e+00
   5.9615000000000000e+00
   5.9706666666666672e+00
   5.9786666666666664e+00
   5.9729166666666664e+00
   5.9699999999999998e+00
   5.9573333333333336e+00
   5.9515000000000002e+00
   5.9680000000000009e+00
   5.9895833333333330e+00
   6.0150833333333340e+00
   6.0365833333333345e+00
   6.0570833333333347e+00
   6.0820833333333342e+00
   6.1100000000000003e+00
   6.1405000000000012e+00
   6.1793333333333340e+00
   6.2029166666666677e+00
   6.2214166666666681e+00
   6.2401666666666680e+00
   6.2564166666666674e+00
   6.2673333333333350e+00
   6.2755833333333335e+00
   6.2781666666666673e+00
   6.2865833333333345e+00
   6.2948333333333339e+00
   6.3039166666666668e+00
   6.3117500000000009e+00
   6.3079166666666673e+00
   6.3045000000000009e+00
   6.3052500000000009e+00
   6.3143333333333338e+00
   6.3325833333333339e+00
   6.3559999999999999e+00
   6.3682500000000006e+00
   6.3760000000000003e+00
   6.3826666666666672e+00
   6.3913333333333338e+00
   6.4050000000000011e+00
   6.4185833333333333e+00
   6.4302500000000009e+00
   6.4545833333333338e+00
   6.4812500000000002e+00
   6.5063333333333331e+00
   6.5137500000000008e+00
   6.5258333333333338e+00
   6.5240000000000000e+00
   6.5260833333333332e+00
   6.5344166666666679e+00
   6.5512500000000005e+00
   6.5665000000000004e+00
   6.5734166666666658e+00
   6.5791666666666666e+00
   6.5890833333333338e+00
   6.5800833333333326e+00
   6.5714166666666660e+00
   6.5735833333333327e+00
   6.5804999999999998e+00
   6.6023333333333323e+00
   6.5932499999999985e+00
   6.5799166666666657e+00
   6.5653333333333324e+00
   6.5665833333333321e+00
   6.5659999999999998e+00
   6.5587499999999999e+00
   6.5694166666666662e+00
   6.5850000000000000e+00
   6.5919166666666662e+00
   6.5776666666666666e+00
   6.5625000000000000e+00
   6.5516666666666667e+00
   6.5369166666666674e+00
   6.5283333333333333e+00
   6.5191666666666661e+00
   6.5082499999999994e+00
   6.4966666666666661e+00
   6.4865000000000004e+00
   6.4740000000000002e+00
   6.4600000000000000e+00
   6.4547500000000007e+00
   6.4503333333333330e+00
   6.4440000000000000e+00
   6.4395833333333332e+00
   6.4436666666666671e+00
   6.4627499999999998e+00
   6.4695833333333335e+00
   6.4684166666666671e+00
   6.4680000000000000e+00
   6.4637500000000001e+00
   6.4473333333333329e+00
   6.4391666666666678e+00
   6.4319166666666669e+00
   6.4237500000000001e+00
   6.4142500000000000e+00
   6.4111666666666673e+00
   6.3933333333333335e+00
   6.3840833333333338e+00
   6.3750000000000000e+00
   6.3741666666666665e+00
   6.3756666666666657e+00
   6.3749166666666666e+00
   6.3766666666666669e+00
   6.3784999999999998e+00
   6.3836666666666666e+00
   6.3789166666666670e+00
   6.3776666666666673e+00
   6.3666666666666663e+00
   6.3676666666666666e+00
   6.3805833333333331e+00
   6.3803333333333336e+00
   6.3797499999999996e+00
   6.3877499999999996e+00
   6.3876666666666662e+00
   6.3615833333333320e+00
   6.3353333333333328e+00
   6.3213333333333326e+00
   6.3099166666666662e+00
   6.3088333333333333e+00
   6.3132500000000000e+00
   6.3162500000000001e+00
   6.3099166666666671e+00
   6.3030000000000008e+00
   6.2844166666666679e+00
   6.2719166666666677e+00
   6.2608333333333341e+00
   6.2540000000000004e+00
   6.2593333333333332e+00
   6.2527499999999998e+00
   6.2422499999999994e+00
   6.2289999999999992e+00
   6.2177499999999988e+00
   6.2070833333333324e+00
   6.2070833333333324e+00
   6.1971666666666652e+00
   6.1867499999999991e+00
   6.1772499999999999e+00
   6.1579166666666660e+00
   6.1518333333333333e+00
   6.1366666666666667e+00
   6.1304999999999996e+00
   6.1232499999999996e+00
   6.1296666666666662e+00
   6.1224166666666671e+00
   6.1213333333333333e+00
   6.1172499999999994e+00
   6.1191666666666666e+00
   6.1140833333333315e+00
   6.1231666666666653e+00
   6.1381666666666659e+00
   6.1494999999999989e+00
   6.1434166666666652e+00
   6.1303333333333319e+00
   6.1073333333333322e+00
   6.0773333333333328e+00
   6.0487499999999992e+00
   6.0192499999999995e+00
   5.9860833333333323e+00
   5.9695833333333326e+00
   5.9586666666666668e+00
   5.9625833333333329e+00
   5.9662499999999996e+00
   5.9575833333333321e+00
   5.9419166666666667e+00
   5.9306666666666654e+00
   5.9166666666666661e+00
   5.8940833333333318e+00
   5.8815833333333307e+00
   5.8740833333333322e+00
   5.8735833333333316e+00
   5.8722499999999984e+00
   5.8669166666666657e+00
   5.8614166666666661e+00
   5.8578333333333319e+00
   5.8453333333333317e+00
   5.8423333333333325e+00
   5.8314999999999992e+00
   5.8260833333333322e+00
   5.8121666666666654e+00
   5.7809999999999979e+00
   5.7752499999999980e+00
   5.7726666666666651e+00
   5.7718333333333325e+00
   5.7574999999999985e+00
   5.7403333333333331e+00
   5.7386666666666653e+00
   5.7207499999999989e+00
   5.7143333333333315e+00
   5.7024166666666645e+00
   5.7004999999999972e+00
   5.7067499999999978e+00
   5.6939999999999982e+00
   5.6821666666666646e+00
   5.6650833333333317e+00
   5.6485833333333320e+00
   5.6286666666666649e+00
   5.6224166666666653e+00
   5.6129999999999987e+00
   5.6044999999999989e+00
   5.5944166666666648e+00
   5.5731666666666655e+00
   5.5517499999999984e+00
   5.5354166666666655e+00
   5.5265833333333330e+00
   5.5194166666666664e+00
   5.5074166666666660e+00
   5.4897499999999999e+00
   5.4904166666666665e+00
   5.4898333333333342e+00
   5.4755833333333328e+00
   5.4647499999999996e+00
   5.4516666666666680e+00
   5.4509166666666680e+00
   5.4449166666666677e+00
   5.4425000000000008e+00
   5.4365000000000006e+00
   5.4341666666666679e+00
   5.4480000000000013e+00
   5.4667500000000011e+00
   5.4875833333333333e+00
   5.5109166666666676e+00
   5.5278333333333336e+00
   5.5403333333333338e+00
   5.5518333333333336e+00
   5.5469166666666663e+00
   5.5358333333333336e+00
   5.5455000000000005e+00
   5.5595833333333342e+00
   5.5706666666666669e+00
   5.5777500000000009e+00
   5.5940833333333337e+00
   5.6119166666666676e+00
   5.6145000000000005e+00
   5.6296666666666670e+00
   5.6648333333333332e+00
   5.7009166666666671e+00
   5.7308333333333339e+00
   5.7628333333333330e+00
   5.7854166666666664e+00
   5.8024166666666668e+00
   5.8210833333333332e+00
   5.8488333333333324e+00
   5.8717499999999996e+00
   5.9000833333333329e+00
   5.9234999999999998e+00
   5.9584999999999999e+00
   5.9799999999999995e+00
   6.0018333333333338e+00
   6.0265000000000004e+00
   6.0410833333333338e+00
   6.0533333333333337e+00
   6.0552500000000009e+00
   6.0680000000000005e+00
   6.0731666666666673e+00
   6.0629166666666672e+00
   6.0502500000000010e+00
   6.0301666666666680e+00
   6.0310833333333331e+00
   6.0289166666666665e+00
   6.0255833333333326e+00
   6.0261666666666667e+00
   6.0303333333333331e+00
   6.0242499999999994e+00
   6.0335000000000001e+00
   6.0330833333333338e+00
   6.0280833333333339e+00
   6.0172500000000015e+00
   6.0120833333333339e+00
   5.9995833333333337e+00
   5.9925833333333340e+00
   5.9969166666666673e+00
   6.0077500000000006e+00
   6.0172500000000007e+00
   6.0370833333333334e+00
   6.0615833333333340e+00
   6.0867500000000003e+00
   6.1035000000000004e+00
   6.1250000000000000e+00
   6.1195833333333338e+00
   6.1139166666666673e+00
   6.1024166666666675e+00
   6.0816666666666670e+00
   6.0642500000000004e+00
   6.0515000000000008e+00
   6.0275833333333342e+00
   6.0170000000000003e+00
   6.0225833333333334e+00
   6.0435833333333333e+00
   6.0556666666666672e+00
   6.0602499999999999e+00
   6.0566666666666675e+00
   6.0598333333333336e+00
   6.0589166666666667e+00
   6.0556666666666663e+00
   6.0571666666666655e+00
   6.0672499999999996e+00
   6.0904999999999996e+00
   6.1096666666666657e+00
   6.1361666666666652e+00
   6.1679166666666658e+00
   6.1934166666666650e+00
   6.2123333333333326e+00
   6.2145833333333327e+00
   6.2220833333333321e+00
   6.2384999999999993e+00
   6.2460833333333330e+00
   6.2559999999999993e+00
   6.2420833333333325e+00
   6.2290833333333335e+00
   6.2333333333333325e+00
   6.2224166666666649e+00
   6.2261666666666660e+00
   6.2314166666666653e+00
   6.2355833333333326e+00
   6.2296666666666649e+00
   6.2268333333333317e+00
   6.2109999999999976e+00
   6.2054166666666646e+00
   6.2169999999999979e+00
   6.2350833333333320e+00
   6.2536666666666649e+00
   6.2734999999999985e+00
   6.2901666666666660e+00
   6.3022499999999990e+00
   6.3069166666666661e+00
   6.3117499999999991e+00
   6.3074166666666667e+00
   6.2927499999999998e+00
   6.2883333333333322e+00
   6.2896666666666663e+00
   6.2868333333333331e+00
   6.2925000000000031e+00
   6.2928333333333368e+00
   6.2993333333333368e+00
   6.2971666666666701e+00
   6.2986666666666702e+00
   6.3127500000000030e+00
   6.2970833333333358e+00
   6.2763333333333362e+00
   6.2346666666666684e+00
   6.1932500000000026e+00
   6.1586666666666678e+00
   6.1224166666666680e+00
   6.0920833333333348e+00
   6.0748333333333351e+00
   6.0658333333333339e+00
   6.0377500000000017e+00
   6.0100833333333359e+00
   5.9939166666666681e+00
   5.9698333333333355e+00
   5.9422500000000023e+00
   5.9075833333333350e+00
   5.8760833333333355e+00
   5.8397500000000013e+00
   5.8061666666666678e+00
   5.7718333333333343e+00
   5.7305833333333336e+00
   5.6881666666666666e+00
   5.6495000000000006e+00
   5.6149166666666677e+00
   5.5800833333333344e+00
   5.5420833333333350e+00
   5.5137500000000008e+00
   5.4830000000000014e+00
   5.4535000000000009e+00
   5.4268333333333345e+00
   5.4094166666666679e+00
   5.3963333333333345e+00
   5.3693333333333344e+00
   5.3395000000000010e+00
   5.2980833333333344e+00
   5.2609166666666676e+00
   5.2123333333333335e+00
   5.1810833333333335e+00
   5.1798333333333337e+00
   5.1852499999999999e+00
   5.1983333333333341e+00
   5.2002500000000005e+00
   5.1992500000000010e+00
   5.1930000000000005e+00
   5.1769166666666679e+00
   5.1535833333333336e+00
   5.1334166666666672e+00
   5.1115833333333338e+00
   5.1067500000000017e+00
   5.1049166666666679e+00
   5.1025000000000009e+00
   5.0976666666666670e+00
   5.0860000000000012e+00
   5.0650833333333347e+00
   5.0380833333333346e+00
   5.0175833333333344e+00
   4.9981666666666680e+00
   4.9821666666666680e+00
   4.9685000000000006e+00
   4.9510000000000014e+00
   4.9361666666666668e+00
   4.9152500000000003e+00
   4.8986666666666672e+00
   4.8767500000000004e+00
   4.8470000000000004e+00
   4.8289166666666672e+00
   4.8075833333333344e+00
   4.7930833333333336e+00
   4.7960833333333328e+00
   4.7885000000000000e+00
   4.7823333333333329e+00
   4.7609999999999992e+00
   4.7362499999999992e+00
   4.7141666666666664e+00
   4.7010833333333331e+00
   4.6828333333333330e+00
   4.6733333333333329e+00
   4.6693333333333324e+00
   4.6828333333333330e+00
   4.6910833333333333e+00
   4.6940000000000000e+00
   4.6920833333333327e+00
   4.6795833333333325e+00
   4.6601666666666670e+00
   4.6452499999999999e+00
   4.6337500000000000e+00
   4.6301666666666659e+00
   4.6190833333333332e+00
   4.6020833333333337e+00
   4.5796666666666663e+00
   4.5631666666666657e+00
   4.5589999999999993e+00
   4.5562500000000004e+00
   4.5290833333333333e+00
   4.5199166666666661e+00
   4.5024999999999995e+00
   4.4826666666666659e+00
   4.4812500000000002e+00
   4.4856666666666660e+00
   4.4874999999999989e+00
   4.4989999999999988e+00
   4.5050833333333324e+00
   4.4930833333333329e+00
   4.4705833333333329e+00
   4.4451666666666663e+00
   4.4205833333333322e+00
   4.3944166666666664e+00
   4.3747500000000006e+00
   4.3608333333333329e+00
   4.3340000000000005e+00
   4.3194999999999997e+00
   4.3084999999999996e+00
   4.2904166666666663e+00
   4.2802499999999997e+00
   4.2736666666666663e+00
   4.2636666666666674e+00
   4.2493333333333343e+00
   4.2270833333333346e+00
   4.2132500000000004e+00
   4.1993333333333345e+00
   4.1753333333333345e+00
   4.1768333333333336e+00
   4.1682500000000013e+00
   4.1706666666666674e+00
   4.1703333333333337e+00
   4.1783333333333337e+00
   4.1894166666666672e+00
   4.1855833333333337e+00
   4.1859999999999999e+00
   4.1827500000000004e+00
   4.1778333333333331e+00
   4.1723333333333326e+00
   4.1427500000000004e+00
   4.1234166666666665e+00
   4.0947500000000003e+00
   4.0716666666666672e+00
   4.0544166666666666e+00
   4.0480833333333335e+00
   4.0324166666666663e+00
   4.0184166666666661e+00
   4.0051666666666659e+00
   3.9909999999999997e+00
   3.9784166666666665e+00
   3.9680833333333325e+00
   3.9682499999999989e+00
   3.9700833333333327e+00
   3.9670833333333326e+00
   3.9466666666666659e+00
   3.9296666666666655e+00
   3.9119166666666656e+00
   3.8964999999999992e+00
   3.8740833333333322e+00
   3.8627499999999988e+00
   3.8579999999999992e+00
   3.8592499999999990e+00
   3.8632499999999994e+00
   3.8799166666666660e+00
   3.8868333333333331e+00
   3.8894166666666661e+00
   3.8825833333333324e+00
   3.8656666666666664e+00
   3.8450833333333332e+00
   3.8209166666666663e+00
   3.8031666666666664e+00
   3.8022499999999999e+00
   3.8082500000000001e+00
   3.8145833333333332e+00
   3.8193333333333332e+00
   3.8167499999999999e+00
   3.8139166666666662e+00
   3.8093333333333335e+00
   3.8068333333333331e+00
   3.7988333333333335e+00
   3.8037500000000000e+00
   3.8034166666666662e+00
   3.8071666666666668e+00
   3.8114166666666667e+00
   3.8199999999999998e+00
   3.8288333333333333e+00
   3.8339166666666671e+00
   3.8447499999999999e+00
   3.8597500000000000e+00
   3.8810833333333337e+00
   3.9021666666666670e+00
   3.9228333333333341e+00
   3.9410833333333337e+00
   3.9615000000000009e+00
   3.9819166666666672e+00
   3.9985000000000004e+00
   3.9975833333333335e+00
   3.9996666666666671e+00
   4.0015000000000001e+00
   4.0033333333333330e+00
   4.0010000000000003e+00
   4.0008333333333335e+00
   4.0098333333333338e+00
   4.0141666666666671e+00
   4.0240833333333335e+00
   4.0344999999999995e+00
   4.0502500000000001e+00
   4.0588333333333333e+00
   4.0690833333333334e+00
   4.0825833333333330e+00
   4.0954166666666660e+00
   4.0914999999999990e+00
   4.0882499999999995e+00
   4.1039999999999992e+00
   4.1219999999999990e+00
   4.1413333333333320e+00
   4.1658333333333326e+00
   4.1914999999999996e+00
   4.2161666666666653e+00
   4.2489166666666653e+00
   4.2888333333333319e+00
   4.3154166666666649e+00
   4.3473333333333324e+00
   4.3752499999999985e+00
   4.3833333333333320e+00
   4.3956666666666653e+00
   4.4041666666666659e+00
   4.4032499999999990e+00
   4.3971666666666653e+00
   4.4047499999999982e+00
   4.4183333333333321e+00
   4.4343333333333312e+00
   4.4491666666666649e+00
   4.4633333333333320e+00
   4.4663333333333322e+00
   4.4737499999999981e+00
   4.4939166666666646e+00
   4.5229166666666645e+00
   4.5437499999999984e+00
   4.5699999999999976e+00
   4.5891666666666646e+00
   4.6027499999999977e+00
   4.6112499999999992e+00
   4.6086666666666662e+00
   4.6173333333333328e+00
   4.6160833333333322e+00
   4.6086666666666654e+00
   4.5987499999999981e+00
   4.5795833333333320e+00
   4.5729999999999986e+00
   4.5649166666666652e+00
   4.5589999999999993e+00
   4.5522499999999990e+00
   4.5440833333333321e+00
   4.5431666666666661e+00
   4.5379166666666659e+00
   4.5405833333333323e+00
   4.5489166666666661e+00
   4.5650833333333329e+00
   4.5937499999999991e+00
   4.6120833333333326e+00
   4.6398333333333328e+00
   4.6553333333333331e+00
   4.6665000000000001e+00
   4.6715833333333325e+00
   4.6837499999999999e+00
   4.6949999999999994e+00
   4.7128333333333332e+00
   4.7309999999999999e+00
   4.7524166666666661e+00
   4.7674999999999992e+00
   4.7789999999999999e+00
   4.7734166666666660e+00
   4.7605833333333329e+00
   4.7610833333333327e+00
   4.7569166666666662e+00
   4.7522500000000001e+00
   4.7523333333333335e+00
   4.7548333333333330e+00
   4.7627499999999996e+00
   4.7702499999999999e+00
   4.7833333333333332e+00
   4.8008333333333333e+00
   4.8098333333333336e+00
   4.8207500000000003e+00
   4.8258333333333336e+00
   4.8336666666666677e+00
   4.8428333333333340e+00
   4.8550000000000004e+00
   4.8678333333333343e+00
   4.8841666666666672e+00
   4.8847500000000004e+00
   4.8856666666666673e+00
   4.8982500000000009e+00
   4.9007500000000013e+00
   4.9110833333333348e+00
   4.9325833333333344e+00
   4.9564166666666676e+00
   4.9736666666666682e+00
   4.9905833333333343e+00
   4.9998333333333331e+00
   5.0011666666666672e+00
   5.0084166666666663e+00
   5.0140833333333337e+00
   5.0215833333333340e+00
   5.0256666666666669e+00
   5.0288333333333339e+00
   5.0297500000000008e+00
   5.0325833333333341e+00
   5.0499166666666664e+00
   5.0731666666666673e+00
   5.0899166666666673e+00
   5.1124166666666664e+00
   5.1390000000000002e+00
   5.1587500000000004e+00
   5.1672500000000001e+00
   5.1915833333333330e+00
   5.2012499999999999e+00
   5.2262499999999994e+00
   5.2546666666666662e+00
   5.2771666666666670e+00
   5.2944999999999993e+00
   5.3123333333333331e+00
   5.3364166666666666e+00
   5.3585833333333328e+00
   5.3627500000000001e+00
   5.3705000000000007e+00
   5.3734999999999991e+00
   5.3768333333333338e+00
   5.3811666666666671e+00
   5.3835000000000006e+00
   5.3980833333333340e+00
   5.3949166666666679e+00
   5.3892500000000005e+00
   5.3895000000000008e+00
   5.3920833333333338e+00
   5.3949166666666679e+00
   5.3954166666666667e+00
   5.3975000000000000e+00
   5.3933333333333335e+00
   5.3825833333333337e+00
   5.3761666666666672e+00
   5.3726666666666665e+00
   5.3758333333333335e+00
   5.3859166666666658e+00
   5.3958333333333330e+00
   5.4110833333333330e+00
   5.4260833333333336e+00
   5.4403333333333324e+00
   5.4388333333333332e+00
   5.4320833333333338e+00
   5.4232499999999995e+00
   5.4129166666666659e+00
   5.4048333333333325e+00
   5.4034999999999993e+00
   5.4010833333333332e+00
   5.4014166666666661e+00
   5.3939166666666667e+00
   5.3910833333333317e+00
   5.3762499999999989e+00
   5.3754166666666663e+00
   5.3770833333333332e+00
   5.3805833333333313e+00
   5.3922499999999989e+00
   5.4005833333333317e+00
   5.3974999999999982e+00
   5.3989999999999991e+00
   5.3915833333333323e+00
   5.3956666666666662e+00
   5.3972499999999997e+00
   5.3965833333333340e+00
   5.3875000000000002e+00
   5.3719166666666656e+00
   5.3599999999999994e+00
   5.3629999999999995e+00
   5.3660833333333331e+00
   5.3645000000000005e+00
   5.3558333333333330e+00
   5.3375000000000004e+00
   5.3208333333333337e+00
   5.3042499999999997e+00
   5.2999166666666664e+00
   5.3026666666666662e+00
   5.3068333333333326e+00
   5.3101666666666656e+00
   5.3193333333333328e+00
   5.3277499999999991e+00
   5.3253333333333330e+00
   5.3168333333333324e+00
   5.3048333333333328e+00
   5.2930000000000001e+00
   5.2742499999999994e+00
   5.2748333333333335e+00
   5.2823333333333329e+00
   5.2993333333333341e+00
   5.3153333333333332e+00
   5.3258333333333336e+00
   5.3292500000000000e+00
   5.3281666666666663e+00
   5.3234166666666658e+00
   5.3188333333333331e+00
   5.3108333333333331e+00
   5.2862499999999990e+00
   5.2574999999999985e+00
   5.2357499999999995e+00
   5.2206666666666655e+00
   5.1987499999999995e+00
   5.1772499999999999e+00
   5.1564166666666669e+00
   5.1435833333333338e+00
   5.1346666666666660e+00
   5.1260000000000003e+00
   5.1164166666666659e+00
   5.1001666666666665e+00
   5.0955833333333329e+00
   5.0892499999999989e+00
   5.0760833333333322e+00
   5.0582500000000001e+00
   5.0424999999999995e+00
   5.0325833333333332e+00
   5.0220833333333328e+00
   5.0151666666666674e+00
   4.9999166666666666e+00
   4.9814166666666662e+00
   4.9499166666666667e+00
   4.9215833333333334e+00
   4.9010833333333341e+00
   4.8904166666666669e+00
   4.8784166666666673e+00
   4.8559999999999999e+00
   4.8279166666666669e+00
   4.8033333333333337e+00
   4.7679166666666672e+00
   4.7374166666666664e+00
   4.7057500000000001e+00
   4.6880000000000006e+00
   4.6719166666666672e+00
   4.6669166666666664e+00
   4.6363333333333339e+00
   4.6073333333333339e+00
   4.5855833333333331e+00
   4.5668333333333333e+00
   4.5404999999999998e+00
   4.5178333333333338e+00
   4.4987500000000002e+00
   4.4813333333333336e+00
   4.4498333333333333e+00
   4.4302500000000009e+00
   4.4101666666666670e+00
   4.3918333333333335e+00
   4.3748333333333331e+00
   4.3730000000000002e+00
   4.3882499999999993e+00
   4.3866666666666667e+00
   4.3774999999999995e+00
   4.3635833333333336e+00
   4.3506666666666662e+00
   4.3339999999999996e+00
   4.3167499999999990e+00
   4.2996666666666661e+00
   4.2930000000000001e+00
   4.2794166666666662e+00
   4.2690833333333327e+00
   4.2560833333333328e+00
   4.2375833333333333e+00
   4.2205833333333329e+00
   4.2042500000000000e+00
   4.1890833333333326e+00
   4.1794166666666666e+00
   4.1718333333333337e+00
   4.1673333333333336e+00
   4.1466666666666665e+00
   4.1395000000000008e+00
   4.1313333333333340e+00
   4.1262500000000006e+00
   4.1178333333333335e+00
   4.1150000000000002e+00
   4.1133333333333342e+00
   4.1190000000000007e+00
   4.1358333333333341e+00
   4.1457500000000005e+00
   4.1586666666666670e+00
   4.1660833333333338e+00
   4.1680833333333336e+00
   4.1832500000000010e+00
   4.2154166666666670e+00
   4.2491666666666674e+00
   4.2828333333333335e+00
   4.2895833333333337e+00
   4.3119166666666668e+00
   4.3314166666666667e+00
   4.3571666666666671e+00
   4.3914999999999997e+00
   4.4223333333333334e+00
   4.4521666666666668e+00
   4.4760833333333343e+00
   4.5010000000000003e+00
   4.5273333333333330e+00
   4.5540000000000003e+00
   4.5675833333333333e+00
   4.5740000000000007e+00
   4.5563333333333338e+00
   4.5438333333333345e+00
   4.5467500000000012e+00
   4.5597500000000002e+00
   4.5725833333333332e+00
   4.5952500000000009e+00
   4.6172500000000003e+00
   4.6449999999999996e+00
   4.6752500000000001e+00
   4.7002499999999996e+00
   4.7202500000000009e+00
   4.7446666666666664e+00
   4.7694166666666673e+00
   4.7749166666666669e+00
   4.7843333333333335e+00
   4.8019166666666671e+00
   4.8229999999999995e+00
   4.8433333333333337e+00
   4.8619166666666676e+00
   4.8711666666666664e+00
   4.8908333333333331e+00
   4.9260000000000002e+00
   4.9653333333333327e+00
   4.9957500000000001e+00
   5.0189166666666667e+00
   5.0447499999999987e+00
   5.0759999999999987e+00
   5.1104166666666666e+00
   5.1443333333333330e+00
   5.1708333333333334e+00
   5.2015833333333328e+00
   5.2242499999999996e+00
   5.2382499999999990e+00
   5.2518333333333338e+00
   5.2593333333333323e+00
   5.2652499999999991e+00
   5.2757499999999995e+00
   5.2910833333333320e+00
   5.3113333333333328e+00
   5.3309166666666661e+00
   5.3548333333333327e+00
   5.3711666666666664e+00
   5.3957499999999987e+00
   5.4234166666666663e+00
   5.4476666666666658e+00
   5.4692499999999997e+00
   5.4832499999999991e+00
   5.4996666666666654e+00
   5.5158333333333323e+00
   5.5404166666666663e+00
   5.5589166666666650e+00
   5.5824999999999987e+00
   5.6140833333333315e+00
   5.6423333333333314e+00
   5.6585833333333317e+00
   5.6530833333333321e+00
   5.6534166666666659e+00
   5.6639999999999988e+00
   5.6736666666666657e+00
   5.6834999999999987e+00
   5.6947499999999991e+00
   5.7121666666666648e+00
   5.7196666666666660e+00
   5.7214166666666664e+00
   5.7221666666666655e+00
   5.7258333333333322e+00
   5.7293333333333321e+00
   5.7414166666666659e+00
   5.7507499999999991e+00
   5.7687499999999998e+00
   5.7675833333333335e+00
   5.7645833333333334e+00
   5.7527499999999998e+00
   5.7425833333333323e+00
   5.7392499999999993e+00
   5.7398333333333333e+00
   5.7455833333333333e+00
   5.7517500000000004e+00
   5.7680833333333332e+00
   5.7805833333333334e+00
   5.8077500000000004e+00
   5.8327500000000008e+00
   5.8519166666666669e+00
   5.8664166666666659e+00
   5.8795833333333327e+00
   5.8909999999999991e+00
   5.8955833333333327e+00
   5.9070833333333326e+00
   5.9259999999999993e+00
   5.9479999999999977e+00
   5.9882499999999981e+00
   6.0115833333333315e+00
   6.0396666666666645e+00
   6.0529999999999982e+00
   6.0611666666666650e+00
   6.0609999999999982e+00
   6.0657499999999978e+00
   6.0748333333333315e+00
   6.0722499999999986e+00
   6.0816666666666652e+00
   6.0700833333333319e+00
   6.0621666666666671e+00
   6.0662500000000001e+00
   6.0465000000000000e+00
   6.0149166666666671e+00
   5.9975833333333339e+00
   5.9892500000000002e+00
   6.0011666666666672e+00
   5.9979166666666677e+00
   6.0015833333333335e+00
   6.0070833333333331e+00
   6.0019999999999998e+00
   5.9967499999999996e+00
   5.9834999999999985e+00
   5.9734166666666662e+00
   5.9623333333333326e+00
   5.9529999999999994e+00
   5.9577499999999990e+00
   5.9739166666666659e+00
   5.9894166666666662e+00
   6.0176666666666661e+00
   6.0358333333333318e+00
   6.0400833333333317e+00
   6.0350833333333318e+00
   6.0179166666666655e+00
   5.9994166666666651e+00
   5.9949999999999992e+00
   5.9947499999999989e+00
   5.9881666666666655e+00
   5.9866666666666655e+00
   5.9918333333333322e+00
   5.9875833333333324e+00
   5.9857499999999995e+00
   6.0037499999999993e+00
   6.0188333333333333e+00
   6.0229999999999997e+00
   6.0265833333333330e+00
   6.0361666666666656e+00
   6.0384166666666657e+00
   6.0422499999999992e+00
   6.0390833333333331e+00
   6.0329166666666660e+00
   6.0253333333333332e+00
   6.0199999999999987e+00
   6.0230833333333331e+00
   6.0303333333333322e+00
   6.0319166666666657e+00
   6.0271666666666670e+00
   6.0211666666666668e+00
   6.0145833333333334e+00
   6.0108333333333333e+00
   6.0160833333333334e+00
   6.0229999999999997e+00
   6.0240000000000009e+00
   6.0163333333333338e+00
   6.0087500000000018e+00
   6.0012500000000006e+00
   5.9925833333333340e+00
   5.9856666666666687e+00
   5.9815000000000014e+00
   5.9778333333333347e+00
   5.9811666666666676e+00
   5.9795000000000007e+00
   5.9744166666666674e+00
   5.9749166666666671e+00
   5.9768333333333334e+00
   5.9789166666666667e+00
   5.9799166666666679e+00
   5.9656666666666673e+00
   5.9450000000000012e+00
   5.9227499999999997e+00
   5.8980833333333340e+00
   5.8591666666666677e+00
   5.8247500000000008e+00
   5.7915000000000010e+00
   5.7994166666666676e+00
   5.7908333333333344e+00
   5.7885833333333343e+00
   5.7856666666666685e+00
   5.7830833333333347e+00
   5.7813333333333343e+00
   5.7770000000000010e+00
   5.7738333333333340e+00
   5.7723333333333340e+00
   5.7701666666666673e+00
   5.7652500000000009e+00
   5.7600000000000007e+00
   5.7482500000000005e+00
   5.7259166666666674e+00
   5.7000000000000011e+00
   5.6780833333333343e+00
   5.6695833333333345e+00
   5.6709166666666677e+00
   5.6614166666666677e+00
   5.6660000000000004e+00
   5.6656666666666666e+00
   5.6561666666666666e+00
   5.6307500000000008e+00
   5.6035833333333338e+00
   5.5850833333333334e+00
   5.5546666666666669e+00
   5.5231666666666674e+00
   5.4995000000000012e+00
   5.4845833333333349e+00
   5.4729166666666673e+00
   5.4614166666666675e+00
   5.4555833333333341e+00
   5.4398333333333344e+00
   5.4222500000000009e+00
   5.4015000000000013e+00
   5.3854166666666679e+00
   5.3734166666666674e+00
   5.3576666666666677e+00
   5.3470000000000004e+00
   5.3481666666666676e+00
   5.3386666666666676e+00
   5.3395833333333345e+00
   5.3288333333333346e+00
   5.3334166666666674e+00
   5.3235000000000010e+00
   5.3248333333333342e+00
   5.3175833333333351e+00
   5.3041666666666689e+00
   5.3014166666666682e+00
   5.3130000000000015e+00
   5.2915833333333344e+00
   5.2717500000000008e+00
   5.2305000000000010e+00
   5.1888333333333341e+00
   5.1680833333333336e+00
   5.1537500000000014e+00
   5.1447500000000010e+00
   5.1227499999999999e+00
   5.1010833333333343e+00
   5.0821666666666676e+00
   5.0682500000000008e+00
   5.0565833333333341e+00
   5.0289166666666665e+00
   5.0090000000000003e+00
   4.9969166666666673e+00
   4.9831666666666665e+00
   4.9793333333333338e+00
   4.9714166666666673e+00
   4.9584166666666665e+00
   4.9710833333333335e+00
   4.9752500000000000e+00
   4.9604166666666663e+00
   4.9478333333333335e+00
   4.9366666666666665e+00
   4.9264166666666664e+00
   4.9145000000000003e+00
   4.9047499999999991e+00
   4.8975000000000000e+00
   4.8825833333333328e+00
   4.8665833333333337e+00
   4.8605833333333335e+00
   4.8516666666666657e+00
   4.8354999999999997e+00
   4.8220000000000001e+00
   4.8164166666666670e+00
   4.8106666666666662e+00
   4.8042499999999997e+00
   4.7949166666666674e+00
   4.7871666666666668e+00
   4.7745833333333341e+00
   4.7584999999999997e+00
   4.7425000000000006e+00
   4.7296666666666676e+00
   4.7147499999999996e+00
   4.7116666666666669e+00
   4.6975000000000007e+00
   4.6961666666666666e+00
   4.6924999999999990e+00
   4.6951666666666663e+00
   4.7019166666666665e+00
   4.7076666666666664e+00
   4.7109166666666660e+00
   4.7139166666666652e+00
   4.7102499999999994e+00
   4.7112499999999988e+00
   4.7173333333333325e+00
   4.7044999999999995e+00
   4.7000000000000002e+00
   4.7055833333333341e+00
   4.7090000000000005e+00
   4.7039166666666672e+00
   4.6859166666666674e+00
   4.6762500000000005e+00
   4.6821666666666681e+00
   4.6860833333333334e+00
   4.6780833333333343e+00
   4.6839166666666667e+00
   4.6900833333333338e+00
   4.7067500000000004e+00
   4.7294166666666673e+00
   4.7326666666666677e+00
   4.7446666666666681e+00
   4.7472500000000002e+00
   4.7407500000000011e+00
   4.7325833333333343e+00
   4.7221666666666673e+00
   4.7363333333333344e+00
   4.7379166666666670e+00
   4.7369166666666676e+00
   4.7270833333333346e+00
   4.7239166666666677e+00
   4.7212500000000004e+00
   4.7211666666666678e+00
   4.7402500000000014e+00
   4.7510000000000012e+00
   4.7490833333333340e+00
   4.7355833333333344e+00
   4.7210833333333344e+00
   4.7234166666666679e+00
   4.7019166666666674e+00
   4.6801666666666675e+00
   4.6749166666666673e+00
   4.6851666666666683e+00
   4.6894166666666681e+00
   4.6900000000000013e+00
   4.7043333333333353e+00
   4.7150833333333351e+00
   4.7238333333333342e+00
   4.7275833333333344e+00
   4.7327500000000002e+00
   4.7330833333333349e+00
   4.7230000000000008e+00
   4.7170833333333340e+00
   4.7055833333333341e+00
   4.7011666666666674e+00
   4.6951666666666672e+00
   4.7008333333333345e+00
   4.7023333333333346e+00
   4.7076666666666682e+00
   4.7036666666666678e+00
   4.7150000000000016e+00
   4.7107500000000018e+00
   4.7020833333333352e+00
   4.6796666666666678e+00
   4.6597500000000007e+00
   4.6556666666666668e+00
   4.6538333333333339e+00
   4.6522500000000004e+00
   4.6397500000000012e+00
   4.6150000000000002e+00
   4.6090000000000009e+00
   4.6179166666666678e+00
   4.6467500000000008e+00
   4.6700833333333343e+00
   4.6657500000000010e+00
   4.6531666666666673e+00
   4.6286666666666685e+00
   4.6351666666666667e+00
   4.6263333333333341e+00
   4.6167500000000006e+00
   4.6016666666666675e+00
   4.5825833333333339e+00
   4.5754166666666674e+00
   4.5695833333333349e+00
   4.5641666666666669e+00
   4.5635833333333347e+00
   4.5631666666666684e+00
   4.5636666666666672e+00
   4.5639166666666675e+00
   4.5501666666666676e+00
   4.5389166666666672e+00
   4.5389166666666672e+00
   4.5325000000000006e+00
   4.5277500000000002e+00
   4.5110000000000001e+00
   4.4975000000000005e+00
   4.4762499999999994e+00
   4.4500833333333336e+00
   4.4212499999999997e+00
   4.4030833333333330e+00
   4.3794166666666667e+00
   4.3677500000000000e+00
   4.3506666666666671e+00
   4.3382500000000004e+00
   4.3125833333333343e+00
   4.2933333333333339e+00
   4.2765000000000004e+00
   4.2663333333333338e+00
   4.2523333333333335e+00
   4.2420833333333334e+00
   4.2252500000000000e+00
   4.2152500000000002e+00
   4.2068333333333339e+00
   4.2004166666666674e+00
   4.1827500000000004e+00
   4.1721666666666675e+00
   4.1502500000000007e+00
   4.1325000000000003e+00
   4.1162500000000000e+00
   4.1045833333333333e+00
   4.0881666666666669e+00
   4.0719166666666666e+00
   4.0564999999999998e+00
   4.0379166666666668e+00
   4.0158333333333331e+00
   3.9881666666666664e+00
   3.9687500000000000e+00
   3.9471666666666665e+00
   3.9249166666666664e+00
   3.9093333333333331e+00
   3.9009166666666664e+00
   3.9006666666666661e+00
   3.9033333333333333e+00
   3.8942499999999995e+00
   3.8997499999999992e+00
   3.9245833333333326e+00
   3.9379999999999997e+00
   3.9494999999999996e+00
   3.9510833333333335e+00
   3.9520000000000000e+00
   3.9515833333333328e+00
   3.9529166666666664e+00
   3.9573333333333331e+00
   3.9675833333333332e+00
   3.9796666666666662e+00
   3.9850833333333338e+00
   3.9741666666666666e+00
   3.9746666666666659e+00
   3.9649999999999994e+00
   3.9686666666666657e+00
   3.9734999999999996e+00
   3.9809999999999994e+00
   3.9714999999999994e+00
   3.9534166666666661e+00
   3.9456666666666660e+00
   3.9653333333333327e+00
   3.9784999999999995e+00
   3.9960000000000000e+00
   4.0074999999999994e+00
   4.0335000000000001e+00
   4.0629999999999997e+00
   4.0924166666666668e+00
   4.1157500000000002e+00
   4.1366666666666667e+00
   4.1525833333333333e+00
   4.1619999999999999e+00
   4.1722500000000000e+00
   4.1823333333333341e+00
   4.1967499999999998e+00
   4.2065000000000001e+00
   4.2255000000000003e+00
   4.2619166666666670e+00
   4.2990000000000013e+00
   4.3187500000000005e+00
   4.3316666666666670e+00
   4.3414999999999999e+00
   4.3356666666666666e+00
   4.3402500000000002e+00
   4.3417500000000002e+00
   4.3479999999999999e+00
   4.3495833333333325e+00
   4.3629999999999995e+00
   4.3877499999999996e+00
   4.4203333333333337e+00
   4.4445000000000006e+00
   4.4505000000000008e+00
   4.4628333333333332e+00
   4.4754166666666659e+00
   4.4994166666666660e+00
   4.5270000000000001e+00
   4.5524999999999993e+00
   4.5614999999999997e+00
   4.5738333333333339e+00
   4.5895000000000001e+00
   4.6143333333333336e+00
   4.6378333333333330e+00
   4.6692500000000008e+00
   4.6826666666666670e+00
   4.7069999999999999e+00
   4.7283333333333335e+00
   4.7476666666666665e+00
   4.7687499999999998e+00
   4.7814999999999994e+00
   4.7900000000000000e+00
   4.8001666666666658e+00
   4.8093333333333321e+00
   4.8232499999999998e+00
   4.8374999999999995e+00
   4.8570833333333328e+00
   4.8700833333333318e+00
   4.8799166666666656e+00
   4.8784166666666664e+00
   4.8772500000000001e+00
   4.8766666666666660e+00
   4.8871666666666664e+00
   4.8962499999999993e+00
   4.9235833333333323e+00
   4.9452499999999997e+00
   4.9684999999999997e+00
   4.9821666666666662e+00
   4.9981666666666662e+00
   5.0092499999999989e+00
   5.0332499999999998e+00
   5.0580833333333333e+00
   5.0884166666666655e+00
   5.1124999999999998e+00
   5.1344166666666657e+00
   5.1511666666666658e+00
   5.1667499999999986e+00
   5.1808333333333332e+00
   5.2049999999999992e+00
   5.2233333333333327e+00
   5.2364166666666661e+00
   5.2404999999999990e+00
   5.2362499999999992e+00
   5.2324166666666656e+00
   5.2270833333333337e+00
   5.2218333333333327e+00
   5.2103333333333337e+00
   5.1975000000000007e+00
   5.1981666666666664e+00
   5.2011666666666656e+00
   5.2064166666666667e+00
   5.2114999999999991e+00
   5.2134999999999989e+00
   5.2236666666666656e+00
   5.2561666666666671e+00
   5.2824999999999998e+00
   5.2983333333333329e+00
   5.2994166666666676e+00
   5.2972500000000009e+00
   5.2900833333333326e+00
   5.2716666666666656e+00
   5.2575833333333328e+00
   5.2275833333333326e+00
   5.2020000000000000e+00
   5.1758333333333324e+00
   5.1604166666666664e+00
   5.1444166666666664e+00
   5.1324166666666668e+00
   5.1209999999999996e+00
   5.1070833333333328e+00
   5.0919999999999996e+00
   5.0801666666666661e+00
   5.0671666666666662e+00
   5.0582500000000001e+00
   5.0464166666666666e+00
   5.0379166666666659e+00
   5.0373333333333337e+00
   5.0322499999999994e+00
   5.0223333333333331e+00
   5.0094166666666657e+00
   5.0244999999999997e+00
   5.0422499999999992e+00
   5.0582499999999992e+00
   5.0564166666666654e+00
   5.0634999999999994e+00
   5.0556666666666654e+00
   5.0498333333333312e+00
   5.0377499999999991e+00
   5.0224166666666656e+00
   5.0009166666666651e+00
   4.9890833333333315e+00
   4.9728333333333312e+00
   4.9500833333333309e+00
   4.9309166666666640e+00
   4.9144999999999985e+00
   4.9050833333333310e+00
   4.8920833333333311e+00
   4.8794999999999975e+00
   4.8735833333333307e+00
   4.8606666666666642e+00
   4.8400833333333306e+00
   4.8290833333333305e+00
   4.8230833333333303e+00
   4.8066666666666640e+00
   4.7935833333333315e+00
   4.7742499999999986e+00
   4.7707499999999978e+00
   4.7634999999999978e+00
   4.7534999999999989e+00
   4.7347499999999991e+00
   4.7090833333333313e+00
   4.6859166666666656e+00
   4.6629166666666650e+00
   4.6546666666666656e+00
   4.6505000000000019e+00
   4.6450833333333339e+00
   4.6391666666666680e+00
   4.6362500000000013e+00
   4.6375000000000011e+00
   4.6370000000000005e+00
   4.6293333333333342e+00
   4.6238333333333337e+00
   4.6149166666666668e+00
   4.6131666666666673e+00
   4.6121666666666670e+00
   4.6049166666666670e+00
   4.5940000000000003e+00
   4.5868333333333338e+00
   4.5789166666666672e+00
   4.5634166666666669e+00
   4.5519166666666671e+00
   4.5268333333333333e+00
   4.4996666666666671e+00
   4.4721666666666673e+00
   4.4415000000000004e+00
   4.4131666666666680e+00
   4.3865000000000007e+00
   4.3630000000000013e+00
   4.3401666666666676e+00
   4.3257500000000011e+00
   4.3165000000000013e+00
   4.3074166666666676e+00
   4.2926666666666673e+00
   4.2760833333333341e+00
   4.2477500000000008e+00
   4.2380833333333339e+00
   4.2247500000000011e+00
   4.2172500000000008e+00
   4.2053333333333338e+00
   4.1863333333333346e+00
   4.1633333333333349e+00
   4.1335833333333341e+00
   4.1056666666666679e+00
   4.0883333333333347e+00
   4.0707500000000012e+00
   4.0501666666666676e+00
   4.0297500000000017e+00
   4.0071666666666674e+00
   3.9861666666666680e+00
   3.9697500000000021e+00
   3.9570000000000021e+00
   3.9512500000000017e+00
   3.9544166666666682e+00
   3.9586666666666681e+00
   3.9634166666666677e+00
   3.9706666666666681e+00
   3.9826666666666681e+00
   3.9980000000000020e+00
   4.0034166666666682e+00
   4.0033333333333347e+00
   3.9970833333333351e+00
   3.9941666666666680e+00
   3.9989166666666685e+00
   3.9949166666666684e+00
   3.9847500000000013e+00
   3.9757500000000019e+00
   3.9754166666666682e+00
   3.9831666666666687e+00
   3.9931666666666681e+00
   4.0173333333333350e+00
   4.0424166666666688e+00
   4.0739166666666682e+00
   4.1067500000000017e+00
   4.1341666666666690e+00
   4.1712500000000023e+00
   4.1975000000000016e+00
   4.2195833333333352e+00
   4.2269166666666687e+00
   4.2350000000000012e+00
   4.2473333333333345e+00
   4.2519166666666681e+00
   4.2633333333333345e+00
   4.2899166666666684e+00
   4.3190833333333352e+00
   4.3420000000000023e+00
   4.3557500000000022e+00
   4.3690000000000024e+00
   4.3819166666666689e+00
   4.3927500000000030e+00
   4.4039166666666691e+00
   4.4020833333333353e+00
   4.3930000000000025e+00
   4.3869166666666688e+00
   4.3859166666666694e+00
   4.3825000000000029e+00
   4.3842500000000033e+00
   4.3923333333333359e+00
   4.4024166666666691e+00
   4.4034166666666694e+00
   4.3980000000000024e+00
   4.3890000000000020e+00
   4.3849166666666690e+00
   4.3885833333333357e+00
   4.3891666666666689e+00
   4.3927500000000030e+00
   4.3895000000000017e+00
   4.3932500000000028e+00
   4.3944166666666691e+00
   4.3855000000000022e+00
   4.3804166666666680e+00
   4.3815000000000017e+00
   4.3903333333333352e+00
   4.3990000000000018e+00
   4.4152500000000012e+00
   4.4310833333333353e+00
   4.4443333333333355e+00
   4.4448333333333352e+00
   4.4454166666666692e+00
   4.4419166666666694e+00
   4.4308333333333358e+00
   4.4271666666666682e+00
   4.4245833333333353e+00
   4.4302500000000018e+00
