   4.0048666666666675e+00
   4.0055333333333287e+00
   4.0094333333333285e+00
   4.0113499999999958e+00
   4.0134666666666616e+00
   4.0146999999999959e+00
   4.0173999999999959e+00
   4.0208499999999949e+00
   4.0231499999999949e+00
   4.0247999999999946e+00
   4.0267166666666627e+00
   4.0303166666666623e+00
   4.0339333333333300e+00
   4.0361499999999966e+00
   4.0383999999999967e+00
   4.0414333333333303e+00
   4.0437166666666640e+00
   4.0473666666666634e+00
   4.0511499999999971e+00
   4.0525166666666639e+00
   4.0538666666666643e+00
   4.0571333333333301e+00
   4.0601333333333303e+00
   4.0640166666666637e+00
   4.0689166666666639e+00
   4.0734999999999975e+00
   4.0784333333333311e+00
   4.0826333333333311e+00
   4.0856499999999976e+00
   4.0869499999999972e+00
   4.0884499999999973e+00
   4.0913333333333295e+00
   4.0917666666666639e+00
   4.0932499999999976e+00
   4.0983833333333308e+00
   4.1027499999999968e+00
   4.1080166666666633e+00
   4.1120666666666637e+00
   4.1152833333333305e+00
   4.1155666666666635e+00
   4.1137166666666642e+00
   4.1113999999999971e+00
   4.1098333333333308e+00
   4.1115499999999976e+00
   4.1145166666666642e+00
   4.1173833333333310e+00
   4.1213999999999968e+00
   4.1249666666666647e+00
   4.1280999999999972e+00
   4.1311666666666644e+00
   4.1322166666666647e+00
   4.1332999999999975e+00
   4.1369833333333315e+00
   4.1397499999999976e+00
   4.1411833333333306e+00
   4.1406333333333301e+00
   4.1408166666666633e+00
   4.1417499999999974e+00
   4.1429499999999981e+00
   4.1449166666666644e+00
   4.1475666666666635e+00
   4.1497999999999973e+00
   4.1502999999999970e+00
   4.1518833333333305e+00
   4.1535666666666637e+00
   4.1548999999999960e+00
   4.1559999999999970e+00
   4.1560166666666642e+00
   4.1562499999999973e+00
   4.1548833333333306e+00
   4.1535666666666637e+00
   4.1531833333333301e+00
   4.1531333333333293e+00
   4.1524166666666638e+00
   4.1521166666666627e+00
   4.1525166666666635e+00
   4.1528999999999963e+00
   4.1544666666666625e+00
   4.1566333333333292e+00
   4.1591166666666632e+00
   4.1606666666666632e+00
   4.1621166666666625e+00
   4.1639333333333299e+00
   4.1650333333333291e+00
   4.1655166666666625e+00
   4.1649333333333294e+00
   4.1632666666666633e+00
   4.1641833333333302e+00
   4.1652333333333305e+00
   4.1670499999999970e+00
   4.1689999999999960e+00
   4.1727499999999962e+00
   4.1766999999999967e+00
   4.1799166666666636e+00
   4.1822333333333299e+00
   4.1830666666666634e+00
   4.1819499999999969e+00
   4.1802166666666638e+00
   4.1774499999999968e+00
   4.1765999999999970e+00
   4.1744833333333293e+00
   4.1726166666666629e+00
   4.1697833333333296e+00
   4.1667833333333295e+00
   4.1637999999999966e+00
   4.1613666666666633e+00
   4.1576833333333294e+00
   4.1562166666666629e+00
   4.1550333333333294e+00
   4.1550499999999966e+00
   4.1542666666666639e+00
   4.1521499999999971e+00
   4.1479166666666636e+00
   4.1456166666666636e+00
   4.1433499999999963e+00
   4.1402166666666638e+00
   4.1380999999999961e+00
   4.1355333333333295e+00
   4.1363499999999958e+00
   4.1368999999999962e+00
   4.1378833333333294e+00
   4.1381333333333297e+00
   4.1392499999999961e+00
   4.1373666666666633e+00
   4.1363333333333294e+00
   4.1349666666666627e+00
   4.1325666666666629e+00
   4.1303499999999964e+00
   4.1286166666666633e+00
   4.1259833333333296e+00
   4.1248166666666624e+00
   4.1235833333333298e+00
   4.1212833333333299e+00
   4.1194666666666633e+00
   4.1162833333333300e+00
   4.1137499999999969e+00
   4.1114499999999969e+00
   4.1096166666666640e+00
   4.1081166666666631e+00
   4.1056333333333308e+00
   4.1059666666666645e+00
   4.1079333333333308e+00
   4.1111333333333304e+00
   4.1146333333333303e+00
   4.1165666666666638e+00
   4.1168499999999968e+00
   4.1191999999999966e+00
   4.1223333333333301e+00
   4.1260333333333303e+00
   4.1302166666666631e+00
   4.1334666666666635e+00
   4.1379166666666638e+00
   4.1409833333333301e+00
   4.1437333333333299e+00
   4.1446833333333304e+00
   4.1443833333333302e+00
   4.1443833333333302e+00
   4.1445833333333306e+00
   4.1443166666666640e+00
   4.1465999999999967e+00
   4.1503499999999978e+00
   4.1528833333333308e+00
   4.1520166666666647e+00
   4.1543166666666647e+00
   4.1553833333333312e+00
   4.1566833333333317e+00
   4.1576166666666650e+00
   4.1579499999999987e+00
   4.1585833333333309e+00
   4.1585666666666645e+00
   4.1588666666666647e+00
   4.1597166666666654e+00
   4.1606999999999985e+00
   4.1626666666666647e+00
   4.1661999999999981e+00
   4.1703666666666646e+00
   4.1741166666666647e+00
   4.1777499999999979e+00
   4.1786166666666649e+00
   4.1801499999999976e+00
   4.1823999999999977e+00
   4.1832166666666648e+00
   4.1846333333333323e+00
   4.1853833333333315e+00
   4.1869333333333323e+00
   4.1898499999999990e+00
   4.1929666666666652e+00
   4.1955333333333327e+00
   4.1981666666666664e+00
   4.2028833333333324e+00
   4.2089499999999989e+00
   4.2141999999999991e+00
   4.2194666666666656e+00
   4.2238333333333324e+00
   4.2270833333333329e+00
   4.2289333333333330e+00
   4.2314333333333325e+00
   4.2337499999999997e+00
   4.2364333333333324e+00
   4.2374166666666655e+00
   4.2404499999999992e+00
   4.2432333333333325e+00
   4.2454333333333318e+00
   4.2481833333333325e+00
   4.2481666666666662e+00
   4.2498166666666659e+00
   4.2489499999999998e+00
   4.2490499999999987e+00
   4.2501499999999988e+00
   4.2507499999999991e+00
   4.2534666666666654e+00
   4.2574833333333322e+00
   4.2641999999999989e+00
   4.2683499999999990e+00
   4.2736499999999991e+00
   4.2777166666666657e+00
   4.2818833333333322e+00
   4.2855666666666652e+00
   4.2887499999999994e+00
   4.2911833333333327e+00
   4.2932499999999996e+00
   4.2956333333333330e+00
   4.2975833333333329e+00
   4.2971833333333329e+00
   4.2986999999999993e+00
   4.2995833333333326e+00
   4.2986499999999994e+00
   4.2976999999999981e+00
   4.2967999999999984e+00
   4.2961666666666654e+00
   4.2963499999999994e+00
   4.2971499999999985e+00
   4.2984999999999989e+00
   4.2998999999999992e+00
   4.3007499999999990e+00
   4.3004166666666652e+00
   4.3017999999999983e+00
   4.3043999999999993e+00
   4.3049333333333326e+00
   4.3048500000000001e+00
   4.3060166666666664e+00
   4.3063999999999991e+00
   4.3069333333333333e+00
   4.3073666666666659e+00
   4.3089833333333321e+00
   4.3095999999999997e+00
   4.3120166666666666e+00
   4.3148166666666663e+00
   4.3174333333333337e+00
   4.3190833333333334e+00
   4.3186666666666662e+00
   4.3179000000000007e+00
   4.3171166666666672e+00
   4.3179666666666670e+00
   4.3182500000000008e+00
   4.3170666666666673e+00
   4.3195166666666669e+00
   4.3209500000000007e+00
   4.3221666666666669e+00
   4.3212166666666674e+00
   4.3206000000000007e+00
   4.3209166666666672e+00
   4.3237666666666668e+00
   4.3250500000000009e+00
   4.3263166666666679e+00
   4.3288000000000011e+00
   4.3296666666666681e+00
   4.3300833333333353e+00
   4.3306833333333348e+00
   4.3307666666666682e+00
   4.3314666666666684e+00
   4.3311000000000011e+00
   4.3315000000000019e+00
   4.3312000000000017e+00
   4.3340666666666685e+00
   4.3375000000000012e+00
   4.3410166666666692e+00
   4.3447666666666693e+00
   4.3480333333333361e+00
   4.3485833333333357e+00
   4.3508333333333349e+00
   4.3522333333333352e+00
   4.3537333333333343e+00
   4.3560666666666679e+00
   4.3586166666666681e+00
   4.3606333333333351e+00
   4.3632833333333352e+00
   4.3679333333333350e+00
   4.3718000000000012e+00
   4.3751666666666678e+00
   4.3788333333333354e+00
   4.3828166666666686e+00
   4.3871500000000019e+00
   4.3908500000000013e+00
   4.3959166666666674e+00
   4.4010666666666669e+00
   4.4081000000000010e+00
   4.4136500000000005e+00
   4.4206500000000011e+00
   4.4268000000000010e+00
   4.4324000000000012e+00
   4.4370000000000012e+00
   4.4424333333333346e+00
   4.4480500000000012e+00
   4.4537333333333349e+00
   4.4603666666666673e+00
   4.4663166666666676e+00
   4.4719500000000005e+00
   4.4785166666666676e+00
   4.4850000000000003e+00
   4.4905666666666679e+00
   4.4955833333333342e+00
   4.4985500000000007e+00
   4.5021166666666677e+00
   4.5040666666666676e+00
   4.5089333333333341e+00
   4.5120833333333348e+00
   4.5168166666666680e+00
   4.5223666666666675e+00
   4.5270166666666674e+00
   4.5326333333333340e+00
   4.5390833333333340e+00
   4.5404000000000009e+00
   4.5408000000000008e+00
   4.5446000000000000e+00
   4.5489166666666669e+00
   4.5528333333333340e+00
   4.5582833333333337e+00
   4.5623000000000005e+00
   4.5630333333333342e+00
   4.5625500000000008e+00
   4.5634000000000006e+00
   4.5651500000000000e+00
   4.5650666666666675e+00
   4.5635000000000003e+00
   4.5625000000000000e+00
   4.5643000000000002e+00
   4.5661666666666676e+00
   4.5702500000000006e+00
   4.5720000000000001e+00
   4.5757500000000002e+00
   4.5796500000000009e+00
   4.5812666666666670e+00
   4.5824166666666670e+00
   4.5808166666666672e+00
   4.5820833333333333e+00
   4.5843666666666669e+00
   4.5882500000000013e+00
   4.5928500000000012e+00
   4.5965333333333342e+00
   4.5988833333333350e+00
   4.5996166666666678e+00
   4.6000000000000014e+00
   4.6019000000000014e+00
   4.6043166666666684e+00
   4.6031000000000013e+00
   4.6061333333333350e+00
   4.6085333333333347e+00
   4.6116333333333337e+00
   4.6141833333333349e+00
   4.6203166666666675e+00
   4.6265666666666680e+00
   4.6281333333333352e+00
   4.6288166666666681e+00
   4.6309500000000012e+00
   4.6333666666666673e+00
   4.6391166666666681e+00
   4.6426166666666679e+00
   4.6469833333333339e+00
   4.6520666666666681e+00
   4.6551833333333343e+00
   4.6574666666666671e+00
   4.6609166666666679e+00
   4.6624833333333342e+00
   4.6627666666666681e+00
   4.6639500000000016e+00
   4.6656166666666676e+00
   4.6664000000000012e+00
   4.6682166666666669e+00
   4.6694500000000012e+00
   4.6705000000000005e+00
   4.6724000000000006e+00
   4.6726666666666672e+00
   4.6742000000000008e+00
   4.6742333333333344e+00
   4.6729833333333346e+00
   4.6709333333333340e+00
   4.6692166666666681e+00
   4.6738666666666679e+00
   4.6768833333333344e+00
   4.6809000000000003e+00
   4.6842000000000006e+00
   4.6856500000000008e+00
   4.6868166666666671e+00
   4.6900500000000003e+00
   4.6905833333333335e+00
   4.6918000000000006e+00
   4.6924333333333337e+00
   4.6936333333333335e+00
   4.6961833333333338e+00
   4.6995166666666677e+00
   4.7045333333333339e+00
   4.7089333333333343e+00
   4.7123666666666679e+00
   4.7157666666666680e+00
   4.7190333333333339e+00
   4.7218333333333335e+00
   4.7271166666666673e+00
   4.7328666666666681e+00
   4.7379833333333341e+00
   4.7426000000000004e+00
   4.7461000000000002e+00
   4.7500833333333334e+00
   4.7526833333333345e+00
   4.7556833333333337e+00
   4.7594500000000002e+00
   4.7658166666666668e+00
   4.7723166666666677e+00
   4.7747000000000011e+00
   4.7786500000000007e+00
   4.7840000000000007e+00
   4.7895333333333348e+00
   4.7943000000000007e+00
   4.7970166666666669e+00
   4.8011166666666671e+00
   4.8087666666666671e+00
   4.8171166666666663e+00
   4.8242500000000001e+00
   4.8297499999999998e+00
   4.8366833333333332e+00
   4.8409833333333330e+00
   4.8442999999999996e+00
   4.8469999999999995e+00
   4.8507499999999988e+00
   4.8536499999999991e+00
   4.8558666666666657e+00
   4.8575666666666661e+00
   4.8583166666666662e+00
   4.8583666666666661e+00
   4.8563166666666664e+00
   4.8550499999999994e+00
   4.8523499999999995e+00
   4.8514666666666670e+00
   4.8505000000000003e+00
   4.8510833333333325e+00
   4.8508166666666659e+00
   4.8513833333333336e+00
   4.8519999999999994e+00
   4.8531166666666667e+00
   4.8552166666666663e+00
   4.8565000000000005e+00
   4.8593000000000002e+00
   4.8608666666666673e+00
   4.8607333333333331e+00
   4.8610000000000007e+00
   4.8601166666666673e+00
   4.8573833333333329e+00
   4.8532166666666665e+00
   4.8513833333333336e+00
   4.8502999999999998e+00
   4.8514499999999998e+00
   4.8506499999999999e+00
   4.8473833333333332e+00
   4.8443500000000004e+00
   4.8398833333333338e+00
   4.8362333333333334e+00
   4.8337999999999992e+00
   4.8325833333333330e+00
   4.8304166666666655e+00
   4.8312166666666663e+00
   4.8314666666666657e+00
   4.8357999999999990e+00
   4.8406333333333329e+00
   4.8420999999999994e+00
   4.8434833333333334e+00
   4.8467666666666664e+00
   4.8501833333333328e+00
   4.8532166666666656e+00
   4.8579333333333325e+00
   4.8619333333333321e+00
   4.8647166666666655e+00
   4.8672666666666657e+00
   4.8691166666666659e+00
   4.8726166666666657e+00
   4.8749166666666648e+00
   4.8758499999999980e+00
   4.8769666666666645e+00
   4.8771999999999984e+00
   4.8778833333333314e+00
   4.8785333333333316e+00
   4.8775499999999985e+00
   4.8763999999999976e+00
   4.8746166666666646e+00
   4.8730999999999982e+00
   4.8740499999999978e+00
   4.8794333333333304e+00
   4.8845333333333310e+00
   4.8882666666666639e+00
   4.8919666666666632e+00
   4.8929333333333309e+00
   4.8932333333333302e+00
   4.8916166666666632e+00
   4.8898833333333300e+00
   4.8880499999999962e+00
   4.8872166666666628e+00
   4.8881166666666633e+00
   4.8875666666666637e+00
   4.8889833333333304e+00
   4.8896499999999969e+00
   4.8902999999999972e+00
   4.8900499999999969e+00
   4.8896666666666642e+00
   4.8879999999999972e+00
   4.8863999999999974e+00
   4.8868499999999973e+00
   4.8871999999999973e+00
   4.8886499999999975e+00
   4.8887666666666636e+00
   4.8892499999999970e+00
   4.8909833333333301e+00
   4.8935666666666640e+00
   4.8969999999999976e+00
   4.8993666666666638e+00
   4.9006333333333307e+00
   4.9018833333333296e+00
   4.9022666666666632e+00
   4.9028999999999963e+00
   4.9017999999999962e+00
   4.9012499999999966e+00
   4.9024499999999964e+00
   4.9013333333333300e+00
   4.9001666666666637e+00
   4.9007999999999967e+00
   4.9009999999999971e+00
   4.9028666666666645e+00
   4.9031666666666638e+00
   4.9058499999999974e+00
   4.9061333333333303e+00
   4.9072666666666640e+00
   4.9066999999999972e+00
   4.9060833333333305e+00
   4.9026499999999968e+00
   4.9022666666666641e+00
   4.9027333333333303e+00
   4.9018499999999960e+00
   4.9002999999999970e+00
   4.9013333333333309e+00
   4.9031999999999973e+00
   4.9052333333333298e+00
   4.9074666666666644e+00
   4.9097333333333308e+00
   4.9113499999999979e+00
   4.9111166666666639e+00
   4.9103666666666639e+00
   4.9093999999999971e+00
   4.9092333333333311e+00
   4.9084166666666649e+00
   4.9077499999999983e+00
   4.9044999999999979e+00
   4.9016666666666646e+00
   4.8992833333333303e+00
   4.8985499999999975e+00
   4.8980499999999987e+00
   4.8979666666666644e+00
   4.9005333333333310e+00
   4.9024499999999982e+00
   4.9059333333333317e+00
   4.9086833333333315e+00
   4.9102166666666642e+00
   4.9145499999999975e+00
   4.9190499999999977e+00
   4.9224666666666641e+00
   4.9262166666666642e+00
   4.9289666666666649e+00
   4.9347666666666647e+00
   4.9402499999999980e+00
   4.9442999999999984e+00
   4.9471499999999988e+00
   4.9492333333333320e+00
   4.9518166666666650e+00
   4.9522666666666657e+00
   4.9524999999999988e+00
   4.9518166666666650e+00
   4.9501833333333316e+00
   4.9485999999999990e+00
   4.9490166666666653e+00
   4.9492333333333329e+00
   4.9515333333333329e+00
   4.9538166666666665e+00
   4.9590833333333331e+00
   4.9635999999999996e+00
   4.9668833333333327e+00
   4.9706166666666665e+00
   4.9739166666666668e+00
   4.9753166666666671e+00
   4.9718000000000000e+00
   4.9693833333333339e+00
   4.9705333333333339e+00
   4.9744500000000009e+00
   4.9754833333333339e+00
   4.9726333333333343e+00
   4.9719333333333378e+00
   4.9686333333333383e+00
   4.9662000000000051e+00
   4.9650333333333379e+00
   4.9640333333333384e+00
   4.9630166666666709e+00
   4.9618500000000045e+00
   4.9595666666666709e+00
   4.9629833333333373e+00
   4.9624166666666705e+00
   4.9640333333333375e+00
   4.9656000000000038e+00
   4.9682000000000039e+00
   4.9711333333333370e+00
   4.9729333333333363e+00
   4.9743000000000039e+00
   4.9752166666666708e+00
   4.9751666666666701e+00
   4.9763666666666699e+00
   4.9771500000000035e+00
   4.9774833333333364e+00
   4.9782333333333364e+00
   4.9791500000000033e+00
   4.9790166666666700e+00
   4.9778333333333364e+00
   4.9753666666666705e+00
   4.9746833333333367e+00
   4.9752500000000035e+00
   4.9749166666666707e+00
   4.9764833333333378e+00
   4.9797833333333381e+00
   4.9828833333333380e+00
   4.9887333333333377e+00
   4.9931000000000036e+00
   4.9975666666666712e+00
   5.0015333333333380e+00
   5.0038833333333379e+00
   5.0050166666666698e+00
   5.0093500000000040e+00
   5.0148000000000037e+00
   5.0233833333333378e+00
   5.0327666666666708e+00
   5.0387166666666712e+00
   5.0429166666666712e+00
   5.0472500000000036e+00
   5.0496500000000033e+00
   5.0516833333333375e+00
   5.0539833333333366e+00
   5.0560666666666698e+00
   5.0573333333333377e+00
   5.0586833333333363e+00
   5.0627833333333365e+00
   5.0674333333333363e+00
   5.0710500000000032e+00
   5.0760000000000032e+00
   5.0809500000000023e+00
   5.0862500000000024e+00
   5.0911166666666681e+00
   5.0943833333333348e+00
   5.0982000000000021e+00
   5.1037833333333360e+00
   5.1107000000000014e+00
   5.1154500000000018e+00
   5.1204500000000026e+00
   5.1252500000000021e+00
   5.1316500000000023e+00
   5.1356333333333346e+00
   5.1393000000000013e+00
   5.1423166666666678e+00
   5.1446333333333341e+00
   5.1472833333333341e+00
   5.1514000000000006e+00
   5.1558000000000019e+00
   5.1597166666666681e+00
   5.1640333333333341e+00
   5.1681333333333344e+00
   5.1721333333333339e+00
   5.1750166666666670e+00
   5.1778166666666667e+00
   5.1818333333333335e+00
   5.1861333333333341e+00
   5.1913666666666680e+00
   5.1954333333333338e+00
   5.1992500000000001e+00
   5.2053166666666675e+00
   5.2112333333333334e+00
   5.2157833333333334e+00
   5.2200166666666670e+00
   5.2242500000000005e+00
   5.2290333333333336e+00
   5.2331666666666665e+00
   5.2320000000000002e+00
   5.2335833333333346e+00
   5.2359333333333344e+00
   5.2387000000000006e+00
   5.2452666666666667e+00
   5.2486500000000005e+00
   5.2525333333333339e+00
   5.2536666666666676e+00
   5.2568333333333337e+00
   5.2593666666666676e+00
   5.2655500000000002e+00
   5.2715166666666669e+00
   5.2776666666666658e+00
   5.2828999999999997e+00
   5.2891833333333320e+00
   5.2920999999999996e+00
   5.2957999999999990e+00
   5.3027833333333323e+00
   5.3090999999999982e+00
   5.3161166666666650e+00
   5.3233166666666651e+00
   5.3278833333333315e+00
   5.3321833333333313e+00
   5.3375333333333312e+00
   5.3432499999999985e+00
   5.3486999999999973e+00
   5.3530333333333306e+00
   5.3563999999999972e+00
   5.3606833333333297e+00
   5.3640666666666634e+00
   5.3662333333333310e+00
   5.3694499999999969e+00
   5.3730999999999982e+00
   5.3780499999999982e+00
   5.3834666666666644e+00
   5.3882333333333312e+00
   5.3947833333333319e+00
   5.4017833333333316e+00
   5.4076833333333312e+00
   5.4140666666666641e+00
   5.4183499999999976e+00
   5.4225333333333312e+00
   5.4267833333333311e+00
   5.4308333333333314e+00
   5.4355999999999982e+00
   5.4394999999999980e+00
   5.4429499999999980e+00
   5.4473333333333311e+00
   5.4526333333333312e+00
   5.4575999999999976e+00
   5.4611833333333299e+00
   5.4608666666666634e+00
   5.4621666666666631e+00
   5.4639333333333298e+00
   5.4662333333333297e+00
   5.4683333333333293e+00
   5.4714166666666637e+00
   5.4740999999999973e+00
   5.4736499999999975e+00
   5.4728666666666639e+00
   5.4717333333333302e+00
   5.4711499999999962e+00
   5.4718499999999963e+00
   5.4737499999999972e+00
   5.4769999999999968e+00
   5.4806999999999970e+00
   5.4854166666666639e+00
   5.4889999999999981e+00
   5.4917499999999970e+00
   5.4962499999999972e+00
   5.5014333333333312e+00
   5.5039666666666642e+00
   5.5050666666666652e+00
   5.5054999999999987e+00
   5.5075499999999984e+00
   5.5101499999999985e+00
   5.5147666666666657e+00
   5.5201833333333328e+00
   5.5256833333333324e+00
   5.5303333333333322e+00
   5.5333333333333323e+00
   5.5349833333333329e+00
   5.5347000000000000e+00
   5.5338833333333328e+00
   5.5309833333333325e+00
   5.5278499999999990e+00
   5.5255833333333326e+00
   5.5236666666666663e+00
   5.5211333333333332e+00
   5.5158500000000004e+00
   5.5111166666666671e+00
   5.5067666666666657e+00
   5.5033666666666656e+00
   5.4993666666666661e+00
   5.4969166666666665e+00
   5.4933333333333332e+00
   5.4901999999999997e+00
   5.4856333333333325e+00
   5.4787166666666662e+00
   5.4712833333333331e+00
   5.4657999999999998e+00
   5.4619833333333334e+00
   5.4613666666666667e+00
   5.4615666666666671e+00
   5.4604166666666663e+00
   5.4603166666666656e+00
   5.4562999999999997e+00
   5.4528166666666671e+00
   5.4482999999999997e+00
   5.4443833333333336e+00
   5.4378833333333336e+00
   5.4330499999999997e+00
   5.4314499999999999e+00
   5.4300833333333340e+00
   5.4316833333333339e+00
   5.4332333333333338e+00
   5.4348166666666673e+00
   5.4346500000000004e+00
   5.4327166666666669e+00
   5.4273833333333341e+00
   5.4208166666666671e+00
   5.4143499999999998e+00
   5.4105166666666671e+00
   5.4065333333333339e+00
   5.4050833333333337e+00
   5.4054833333333336e+00
   5.4069666666666665e+00
   5.4094333333333333e+00
   5.4089333333333327e+00
   5.4082833333333333e+00
   5.4061166666666658e+00
   5.4059833333333325e+00
   5.4058999999999990e+00
   5.4042333333333321e+00
   5.4028166666666664e+00
   5.4040999999999997e+00
   5.4068166666666650e+00
   5.4059666666666661e+00
   5.4049166666666659e+00
   5.4047666666666663e+00
   5.4038833333333320e+00
   5.4041499999999996e+00
   5.4020499999999991e+00
   5.4006166666666653e+00
   5.3996333333333331e+00
   5.3994666666666653e+00
   5.4007499999999986e+00
   5.4016166666666656e+00
   5.4034499999999985e+00
   5.4042833333333320e+00
   5.4032833333333325e+00
   5.4023833333333320e+00
   5.4017333333333326e+00
   5.4024999999999990e+00
   5.4027333333333321e+00
   5.4025166666666662e+00
   5.4016166666666656e+00
   5.4009166666666664e+00
   5.4011833333333330e+00
   5.3989166666666657e+00
   5.3962999999999992e+00
   5.3932333333333329e+00
   5.3907166666666653e+00
   5.3948999999999989e+00
   5.3967666666666654e+00
   5.3966499999999993e+00
   5.3970999999999991e+00
   5.3978166666666656e+00
   5.3973499999999985e+00
   5.3967499999999990e+00
   5.3952666666666653e+00
   5.3927333333333314e+00
   5.3877999999999986e+00
   5.3868666666666654e+00
   5.3865166666666653e+00
   5.3865166666666653e+00
   5.3876333333333317e+00
   5.3886833333333310e+00
   5.3859333333333312e+00
   5.3880333333333317e+00
   5.3885499999999968e+00
   5.3894666666666637e+00
   5.3881833333333304e+00
   5.3890833333333310e+00
   5.3907166666666644e+00
   5.3931499999999977e+00
   5.3965999999999967e+00
   5.4021499999999980e+00
   5.4083666666666641e+00
   5.4119999999999981e+00
   5.4158333333333317e+00
   5.4203999999999981e+00
   5.4239333333333315e+00
   5.4272499999999972e+00
   5.4315833333333314e+00
   5.4331999999999976e+00
   5.4356999999999980e+00
   5.4386999999999972e+00
   5.4405666666666637e+00
   5.4428499999999973e+00
   5.4427499999999975e+00
   5.4435833333333310e+00
   5.4402166666666636e+00
   5.4359499999999983e+00
   5.4284333333333308e+00
   5.4205666666666641e+00
   5.4124833333333315e+00
   5.4087333333333314e+00
   5.4054333333333311e+00
   5.4054999999999973e+00
   5.4066166666666637e+00
   5.4068833333333313e+00
   5.4079666666666650e+00
   5.4096666666666646e+00
   5.4109666666666651e+00
   5.4093666666666653e+00
   5.4057833333333312e+00
   5.4062833333333309e+00
   5.4082333333333308e+00
   5.4095833333333312e+00
   5.4122833333333311e+00
   5.4138833333333309e+00
   5.4179333333333304e+00
   5.4206166666666649e+00
   5.4219166666666645e+00
   5.4235833333333314e+00
   5.4243166666666642e+00
   5.4234666666666653e+00
   5.4226166666666646e+00
   5.4235666666666651e+00
   5.4251833333333312e+00
   5.4248333333333312e+00
   5.4247166666666651e+00
   5.4259499999999976e+00
   5.4273999999999987e+00
   5.4284666666666652e+00
   5.4305999999999983e+00
   5.4333833333333326e+00
   5.4351333333333320e+00
   5.4386666666666645e+00
   5.4388666666666650e+00
   5.4395666666666651e+00
   5.4414166666666652e+00
   5.4450999999999983e+00
   5.4457666666666649e+00
   5.4465666666666648e+00
   5.4459333333333317e+00
   5.4481666666666655e+00
   5.4463833333333316e+00
   5.4440499999999981e+00
   5.4429166666666653e+00
   5.4446666666666657e+00
   5.4467333333333317e+00
   5.4478166666666654e+00
   5.4488333333333321e+00
   5.4512333333333318e+00
   5.4533999999999985e+00
   5.4544999999999986e+00
   5.4561666666666646e+00
   5.4576166666666648e+00
   5.4584999999999972e+00
   5.4591666666666647e+00
   5.4603833333333309e+00
   5.4640166666666650e+00
   5.4654999999999969e+00
   5.4665999999999979e+00
   5.4684166666666645e+00
   5.4707666666666652e+00
   5.4719499999999988e+00
   5.4730166666666662e+00
   5.4749833333333333e+00
   5.4767833333333327e+00
   5.4770999999999992e+00
   5.4785499999999994e+00
   5.4772333333333325e+00
   5.4784499999999996e+00
   5.4782000000000002e+00
   5.4774333333333338e+00
   5.4777499999999995e+00
   5.4795499999999997e+00
   5.4806166666666662e+00
   5.4833833333333333e+00
   5.4849666666666677e+00
   5.4841666666666669e+00
   5.4850333333333339e+00
   5.4894000000000007e+00
   5.4943833333333343e+00
   5.4954166666666682e+00
   5.4949666666666683e+00
   5.4938833333333346e+00
   5.4958666666666680e+00
   5.4961833333333345e+00
   5.4984666666666682e+00
   5.5005833333333349e+00
   5.5040333333333349e+00
   5.5064666666666682e+00
   5.5010500000000020e+00
   5.4949666666666674e+00
   5.4882333333333344e+00
   5.4809666666666681e+00
   5.4769000000000023e+00
   5.4758500000000021e+00
   5.4757000000000016e+00
   5.4749333333333352e+00
   5.4734000000000016e+00
   5.4761000000000024e+00
   5.4758500000000021e+00
   5.4756500000000017e+00
   5.4744666666666690e+00
   5.4717500000000028e+00
   5.4705500000000029e+00
   5.4703833333333360e+00
   5.4710333333333363e+00
   5.4719833333333359e+00
   5.4728833333333364e+00
   5.4731666666666694e+00
   5.4734500000000024e+00
   5.4738666666666695e+00
   5.4719166666666696e+00
   5.4714500000000035e+00
   5.4724333333333366e+00
   5.4712666666666703e+00
   5.4687500000000027e+00
   5.4656833333333363e+00
   5.4614500000000037e+00
   5.4588666666666699e+00
   5.4590666666666703e+00
   5.4607666666666708e+00
   5.4612500000000042e+00
   5.4600166666666698e+00
   5.4593833333333368e+00
   5.4588166666666700e+00
   5.4577333333333371e+00
   5.4550166666666700e+00
   5.4532166666666706e+00
   5.4523500000000027e+00
   5.4528166666666698e+00
   5.4522000000000030e+00
   5.4516166666666699e+00
   5.4515333333333365e+00
   5.4522333333333366e+00
   5.4527000000000037e+00
   5.4522833333333374e+00
   5.4522500000000038e+00
   5.4518500000000039e+00
   5.4520666666666706e+00
   5.4551666666666714e+00
   5.4582833333333385e+00
   5.4618666666666718e+00
   5.4645000000000046e+00
   5.4672000000000054e+00
   5.4688166666666715e+00
   5.4705166666666711e+00
   5.4693000000000040e+00
   5.4672166666666708e+00
   5.4651000000000041e+00
   5.4642166666666707e+00
   5.4657000000000036e+00
   5.4685500000000031e+00
   5.4696166666666706e+00
   5.4721500000000036e+00
   5.4762000000000040e+00
   5.4810166666666706e+00
   5.4866500000000045e+00
   5.4918666666666702e+00
   5.4961666666666709e+00
   5.4985166666666707e+00
   5.4992500000000044e+00
   5.5011833333333380e+00
   5.5040166666666721e+00
   5.5067833333333382e+00
   5.5105000000000048e+00
   5.5167333333333382e+00
   5.5208000000000048e+00
   5.5237166666666706e+00
   5.5263500000000034e+00
   5.5284333333333366e+00
   5.5305666666666706e+00
   5.5306333333333377e+00
   5.5290666666666706e+00
   5.5275833333333368e+00
   5.5272000000000041e+00
   5.5262000000000038e+00
   5.5248666666666706e+00
   5.5236000000000045e+00
   5.5220166666666701e+00
   5.5218833333333377e+00
   5.5219333333333376e+00
   5.5211166666666704e+00
   5.5204000000000040e+00
   5.5178833333333372e+00
   5.5139833333333366e+00
   5.5123166666666705e+00
   5.5125666666666708e+00
   5.5118166666666708e+00
   5.5120500000000048e+00
   5.5116166666666713e+00
   5.5108833333333376e+00
   5.5102000000000046e+00
   5.5106833333333380e+00
   5.5107500000000043e+00
   5.5116500000000039e+00
   5.5116666666666712e+00
   5.5109333333333375e+00
   5.5101500000000039e+00
   5.5094166666666702e+00
   5.5085833333333376e+00
   5.5094333333333365e+00
   5.5115000000000034e+00
   5.5145166666666698e+00
   5.5173500000000031e+00
   5.5204333333333357e+00
   5.5219000000000031e+00
   5.5212666666666701e+00
   5.5199666666666696e+00
   5.5190333333333363e+00
   5.5204500000000030e+00
   5.5218666666666696e+00
   5.5230500000000031e+00
   5.5236166666666691e+00
   5.5254000000000030e+00
   5.5273666666666692e+00
   5.5267666666666688e+00
   5.5236000000000018e+00
   5.5202666666666689e+00
   5.5175000000000018e+00
   5.5157666666666678e+00
   5.5142333333333351e+00
   5.5125000000000011e+00
   5.5108000000000006e+00
   5.5089000000000006e+00
   5.5061666666666680e+00
   5.5045500000000009e+00
   5.5036166666666677e+00
   5.5022166666666674e+00
   5.5021833333333339e+00
   5.5017666666666676e+00
   5.5013333333333341e+00
   5.5020333333333333e+00
   5.5017833333333348e+00
   5.5007166666666683e+00
   5.5006833333333347e+00
   5.4992000000000019e+00
   5.4981166666666681e+00
   5.4947166666666680e+00
   5.4934333333333347e+00
   5.4919666666666682e+00
   5.4929666666666677e+00
   5.4949833333333347e+00
   5.4979500000000003e+00
   5.4980000000000011e+00
   5.4961166666666683e+00
   5.4950500000000009e+00
   5.4941666666666684e+00
   5.4921833333333350e+00
   5.4877500000000019e+00
   5.4842166666666676e+00
   5.4812333333333347e+00
   5.4772333333333343e+00
   5.4726333333333343e+00
   5.4686333333333339e+00
   5.4675666666666665e+00
   5.4685000000000006e+00
   5.4682500000000003e+00
   5.4674833333333339e+00
   5.4678166666666677e+00
   5.4725500000000000e+00
   5.4748333333333346e+00
   5.4767666666666681e+00
   5.4787166666666671e+00
   5.4806000000000008e+00
   5.4835000000000003e+00
   5.4840000000000009e+00
   5.4845666666666668e+00
   5.4844166666666672e+00
   5.4844166666666672e+00
   5.4847166666666674e+00
   5.4840500000000016e+00
   5.4834500000000013e+00
   5.4830500000000013e+00
   5.4832333333333345e+00
   5.4830166666666678e+00
   5.4810500000000006e+00
   5.4806500000000016e+00
   5.4814166666666679e+00
   5.4814000000000016e+00
   5.4822333333333351e+00
   5.4816666666666682e+00
   5.4810333333333352e+00
   5.4816333333333347e+00
   5.4812666666666683e+00
   5.4809000000000019e+00
   5.4806666666666688e+00
   5.4801000000000020e+00
   5.4789333333333348e+00
   5.4774500000000019e+00
   5.4755000000000029e+00
   5.4743166666666694e+00
   5.4734833333333359e+00
   5.4731166666666695e+00
   5.4707500000000024e+00
   5.4671000000000030e+00
   5.4644000000000030e+00
   5.4668666666666699e+00
   5.4702000000000037e+00
   5.4738333333333369e+00
   5.4738500000000041e+00
   5.4763000000000037e+00
   5.4775833333333370e+00
   5.4781333333333349e+00
   5.4795500000000024e+00
   5.4812000000000030e+00
   5.4816000000000029e+00
   5.4827166666666693e+00
   5.4851333333333363e+00
   5.4885333333333364e+00
   5.4933000000000041e+00
   5.4928333333333370e+00
   5.4954333333333372e+00
   5.4926500000000029e+00
   5.4890166666666707e+00
   5.4836166666666699e+00
   5.4789500000000038e+00
   5.4762000000000031e+00
   5.4746333333333368e+00
   5.4720333333333357e+00
   5.4695000000000027e+00
   5.4681500000000032e+00
   5.4675166666666692e+00
   5.4664000000000037e+00
   5.4650500000000033e+00
   5.4647500000000031e+00
   5.4648166666666693e+00
   5.4655666666666702e+00
   5.4648000000000030e+00
   5.4629833333333364e+00
   5.4618166666666701e+00
   5.4610333333333365e+00
   5.4592500000000035e+00
   5.4553500000000037e+00
   5.4522166666666703e+00
   5.4461500000000029e+00
   5.4403166666666705e+00
   5.4362333333333375e+00
   5.4329166666666708e+00
   5.4302333333333372e+00
   5.4296000000000033e+00
   5.4279333333333373e+00
   5.4257666666666715e+00
   5.4203333333333372e+00
   5.4147333333333378e+00
   5.4076833333333383e+00
   5.4011333333333376e+00
   5.3946500000000048e+00
   5.3909666666666709e+00
   5.3882833333333382e+00
   5.3840166666666711e+00
   5.3800333333333370e+00
   5.3767666666666702e+00
   5.3717500000000031e+00
   5.3635833333333363e+00
   5.3553500000000032e+00
   5.3478333333333365e+00
   5.3409666666666702e+00
   5.3334666666666699e+00
   5.3256166666666704e+00
   5.3195333333333377e+00
   5.3162500000000037e+00
   5.3123333333333376e+00
   5.3087833333333379e+00
   5.3043166666666712e+00
   5.3002666666666718e+00
   5.2950166666666716e+00
   5.2882333333333378e+00
   5.2800833333333381e+00
   5.2746166666666721e+00
   5.2689833333333382e+00
   5.2675000000000054e+00
   5.2667166666666718e+00
   5.2649166666666716e+00
   5.2612333333333376e+00
   5.2588500000000042e+00
   5.2565333333333371e+00
   5.2518833333333381e+00
   5.2480666666666709e+00
   5.2431666666666707e+00
   5.2397666666666707e+00
   5.2365000000000039e+00
   5.2323833333333365e+00
   5.2293333333333374e+00
   5.2256666666666698e+00
   5.2230833333333369e+00
   5.2218500000000034e+00
   5.2190000000000030e+00
   5.2161833333333361e+00
   5.2146000000000035e+00
   5.2132000000000032e+00
   5.2124666666666695e+00
   5.2121166666666694e+00
   5.2102000000000039e+00
   5.2131166666666706e+00
   5.2132000000000032e+00
   5.2144000000000039e+00
   5.2101166666666705e+00
   5.2031666666666707e+00
   5.2020666666666706e+00
   5.2030833333333373e+00
   5.2049333333333374e+00
   5.2054000000000036e+00
   5.2069166666666700e+00
   5.2039333333333362e+00
   5.2016666666666689e+00
   5.1992500000000019e+00
   5.1994166666666688e+00
   5.2008666666666690e+00
   5.2039666666666688e+00
   5.2062333333333353e+00
   5.2039166666666681e+00
   5.2030666666666683e+00
   5.1999333333333340e+00
   5.1975833333333332e+00
   5.1974000000000009e+00
   5.1983166666666669e+00
   5.1989166666666664e+00
   5.1990833333333333e+00
   5.1993833333333326e+00
   5.1978666666666662e+00
   5.1951999999999989e+00
   5.1928499999999991e+00
   5.1921333333333317e+00
   5.1937499999999988e+00
   5.1947833333333318e+00
   5.1957666666666649e+00
   5.1946666666666657e+00
   5.1933833333333315e+00
   5.1925666666666652e+00
   5.1850999999999985e+00
   5.1793166666666650e+00
   5.1751166666666650e+00
   5.1736499999999985e+00
   5.1753499999999981e+00
   5.1775999999999982e+00
   5.1781833333333314e+00
   5.1766333333333314e+00
   5.1755999999999984e+00
   5.1739166666666652e+00
   5.1723499999999989e+00
   5.1711999999999989e+00
   5.1685333333333316e+00
   5.1643333333333317e+00
   5.1652666666666649e+00
   5.1697999999999986e+00
   5.1732833333333321e+00
   5.1787499999999991e+00
   5.1794666666666656e+00
   5.1807666666666652e+00
   5.1823333333333323e+00
   5.1838166666666661e+00
   5.1880666666666659e+00
   5.1907666666666668e+00
   5.1928000000000001e+00
   5.1922833333333331e+00
   5.1920666666666664e+00
   5.1937833333333332e+00
   5.1967166666666662e+00
   5.1989999999999990e+00
   5.2001666666666662e+00
   5.2012666666666663e+00
   5.2017333333333333e+00
   5.2025333333333323e+00
   5.2033666666666667e+00
   5.2071000000000005e+00
   5.2129999999999992e+00
   5.2199833333333325e+00
   5.2246666666666659e+00
   5.2288833333333322e+00
   5.2298333333333327e+00
   5.2305166666666665e+00
   5.2313833333333335e+00
   5.2325499999999998e+00
   5.2348166666666653e+00
   5.2380499999999994e+00
   5.2378833333333326e+00
   5.2384166666666658e+00
   5.2404999999999999e+00
   5.2436499999999997e+00
   5.2481999999999998e+00
   5.2525333333333331e+00
   5.2602000000000002e+00
   5.2706833333333343e+00
   5.2800166666666675e+00
   5.2887500000000012e+00
   5.2969000000000008e+00
   5.3059500000000002e+00
   5.3135666666666674e+00
   5.3228833333333334e+00
   5.3313333333333333e+00
   5.3385666666666660e+00
   5.3474166666666667e+00
   5.3568666666666669e+00
   5.3643499999999991e+00
   5.3710666666666658e+00
   5.3770999999999987e+00
   5.3812833333333323e+00
   5.3849999999999989e+00
   5.3874666666666657e+00
   5.3872499999999990e+00
   5.3881999999999994e+00
   5.3908666666666658e+00
   5.3968166666666653e+00
   5.4053333333333331e+00
   5.4127333333333327e+00
   5.4196666666666653e+00
   5.4244166666666658e+00
   5.4303166666666662e+00
   5.4367333333333319e+00
   5.4414499999999979e+00
   5.4497666666666653e+00
   5.4577333333333327e+00
   5.4675499999999992e+00
   5.4773333333333332e+00
   5.4865666666666657e+00
   5.4931833333333335e+00
   5.5011833333333335e+00
   5.5050166666666671e+00
   5.5097500000000004e+00
   5.5147500000000003e+00
   5.5181500000000003e+00
   5.5236666666666663e+00
   5.5290166666666662e+00
   5.5355333333333334e+00
   5.5410000000000004e+00
   5.5445166666666674e+00
   5.5491500000000009e+00
   5.5547333333333340e+00
   5.5586833333333345e+00
   5.5631000000000013e+00
   5.5712166666666674e+00
   5.5783500000000013e+00
   5.5851000000000006e+00
   5.5920333333333341e+00
   5.5975166666666674e+00
   5.6029833333333343e+00
   5.6065833333333348e+00
   5.6092500000000003e+00
   5.6120500000000009e+00
   5.6159000000000008e+00
   5.6192166666666674e+00
   5.6191666666666675e+00
   5.6222666666666674e+00
   5.6264333333333347e+00
   5.6306000000000012e+00
   5.6330000000000000e+00
   5.6351666666666675e+00
   5.6350499999999997e+00
   5.6354666666666660e+00
   5.6367833333333337e+00
   5.6378333333333330e+00
   5.6387499999999999e+00
   5.6405166666666666e+00
   5.6439333333333339e+00
   5.6494499999999999e+00
   5.6549833333333330e+00
   5.6515166666666667e+00
   5.6504333333333339e+00
   5.6534500000000003e+00
   5.6538333333333339e+00
   5.6552166666666670e+00
   5.6558333333333337e+00
   5.6561000000000012e+00
   5.6542500000000011e+00
   5.6569000000000003e+00
   5.6637666666666666e+00
   5.6654166666666672e+00
   5.6695000000000011e+00
   5.6734666666666671e+00
   5.6781333333333341e+00
   5.6831666666666676e+00
   5.6873666666666676e+00
   5.6877833333333339e+00
   5.6896166666666677e+00
   5.6876333333333351e+00
   5.6858000000000004e+00
   5.6840833333333345e+00
   5.6815500000000014e+00
   5.6804666666666677e+00
   5.6787166666666673e+00
   5.6764500000000018e+00
   5.6718500000000009e+00
   5.6713833333333348e+00
   5.6706166666666684e+00
   5.6683500000000011e+00
   5.6656000000000013e+00
   5.6653833333333345e+00
   5.6622166666666685e+00
   5.6597666666666679e+00
   5.6570500000000008e+00
   5.6540833333333342e+00
   5.6513500000000008e+00
   5.6477166666666676e+00
   5.6464333333333343e+00
   5.6448500000000017e+00
   5.6457000000000015e+00
   5.6478500000000018e+00
   5.6534000000000013e+00
   5.6585333333333345e+00
   5.6632500000000014e+00
   5.6640500000000005e+00
   5.6648500000000013e+00
   5.6625666666666685e+00
   5.6579666666666677e+00
   5.6560500000000014e+00
   5.6532500000000008e+00
   5.6482000000000010e+00
   5.6440833333333345e+00
   5.6423000000000005e+00
   5.6425333333333336e+00
   5.6388333333333334e+00
   5.6340666666666674e+00
   5.6285833333333342e+00
   5.6237500000000011e+00
   5.6217333333333350e+00
   5.6193500000000007e+00
   5.6154166666666674e+00
   5.6128000000000009e+00
   5.6079500000000007e+00
   5.6036833333333353e+00
   5.6016666666666683e+00
   5.5999833333333342e+00
   5.5954500000000005e+00
   5.5905833333333339e+00
   5.5904833333333350e+00
   5.5875333333333339e+00
   5.5827333333333335e+00
   5.5781166666666682e+00
   5.5740000000000007e+00
   5.5685500000000010e+00
   5.5647500000000010e+00
   5.5637500000000015e+00
   5.5611500000000005e+00
   5.5613166666666682e+00
   5.5605500000000010e+00
   5.5594666666666681e+00
   5.5575333333333337e+00
   5.5558500000000013e+00
   5.5539666666666676e+00
   5.5534833333333342e+00
   5.5530333333333344e+00
   5.5547500000000012e+00
   5.5559500000000011e+00
   5.5575500000000009e+00
   5.5567333333333346e+00
   5.5585166666666677e+00
   5.5606500000000016e+00
   5.5615666666666677e+00
   5.5618166666666689e+00
   5.5615833333333349e+00
   5.5621833333333344e+00
   5.5613500000000018e+00
   5.5631333333333348e+00
   5.5650000000000013e+00
   5.5662666666666674e+00
   5.5664666666666678e+00
   5.5661833333333339e+00
   5.5670500000000009e+00
   5.5683166666666679e+00
   5.5693000000000010e+00
   5.5703000000000005e+00
   5.5721166666666671e+00
   5.5716666666666681e+00
   5.5717000000000017e+00
   5.5719166666666675e+00
   5.5726166666666677e+00
   5.5719000000000021e+00
   5.5742833333333355e+00
   5.5783000000000023e+00
   5.5817000000000023e+00
   5.5855666666666686e+00
   5.5908833333333341e+00
   5.5949833333333352e+00
   5.6006000000000027e+00
   5.6053500000000014e+00
   5.6080666666666685e+00
   5.6115833333333356e+00
   5.6129500000000023e+00
   5.6134500000000020e+00
   5.6138500000000020e+00
   5.6170500000000025e+00
   5.6237666666666684e+00
   5.6297000000000015e+00
   5.6314833333333345e+00
   5.6338666666666679e+00
   5.6361000000000017e+00
   5.6390000000000011e+00
   5.6422833333333351e+00
   5.6462500000000011e+00
   5.6528833333333344e+00
   5.6583333333333350e+00
   5.6639666666666679e+00
   5.6708166666666679e+00
   5.6772666666666680e+00
   5.6803000000000008e+00
   5.6853500000000006e+00
   5.6915000000000013e+00
   5.6973666666666674e+00
   5.7003833333333338e+00
   5.7057833333333337e+00
   5.7092666666666672e+00
   5.7143000000000006e+00
   5.7190166666666675e+00
   5.7230833333333342e+00
   5.7264166666666672e+00
   5.7287333333333335e+00
   5.7311333333333341e+00
   5.7329833333333333e+00
   5.7352499999999997e+00
   5.7355999999999998e+00
   5.7364499999999996e+00
   5.7384166666666667e+00
   5.7420666666666671e+00
   5.7428833333333342e+00
   5.7477833333333335e+00
   5.7540833333333348e+00
   5.7601666666666684e+00
   5.7663666666666673e+00
   5.7721833333333343e+00
   5.7763000000000009e+00
   5.7782333333333344e+00
   5.7799833333333348e+00
   5.7820833333333344e+00
   5.7839833333333344e+00
   5.7880833333333346e+00
   5.7923666666666680e+00
   5.7967833333333347e+00
   5.7995833333333344e+00
   5.8009000000000004e+00
   5.7996333333333334e+00
   5.8007000000000000e+00
   5.8044000000000002e+00
   5.8085833333333339e+00
   5.8113333333333346e+00
   5.8173500000000011e+00
   5.8221166666666671e+00
   5.8259500000000006e+00
   5.8303000000000003e+00
   5.8349833333333345e+00
   5.8374000000000006e+00
   5.8389333333333342e+00
   5.8397500000000013e+00
   5.8425666666666682e+00
   5.8438500000000015e+00
   5.8444500000000019e+00
   5.8420166666666686e+00
   5.8405000000000022e+00
   5.8420500000000013e+00
   5.8443666666666685e+00
   5.8449500000000016e+00
   5.8447500000000021e+00
   5.8471166666666683e+00
   5.8495166666666680e+00
   5.8486833333333355e+00
   5.8461500000000024e+00
   5.8440666666666692e+00
   5.8415833333333360e+00
   5.8397333333333359e+00
   5.8408833333333359e+00
   5.8439000000000014e+00
   5.8477833333333349e+00
   5.8525666666666689e+00
   5.8551500000000019e+00
   5.8588000000000022e+00
   5.8622833333333357e+00
   5.8622500000000013e+00
   5.8626500000000021e+00
   5.8634500000000020e+00
   5.8646500000000010e+00
   5.8670833333333352e+00
   5.8674000000000017e+00
   5.8703333333333356e+00
   5.8726500000000028e+00
   5.8750333333333353e+00
   5.8779333333333357e+00
   5.8826166666666690e+00
   5.8871000000000020e+00
   5.8925500000000017e+00
   5.8974000000000020e+00
   5.9004666666666683e+00
   5.8996666666666684e+00
   5.9014000000000015e+00
   5.9032666666666680e+00
   5.9066333333333345e+00
   5.9103666666666683e+00
   5.9143666666666688e+00
   5.9181166666666680e+00
   5.9213000000000022e+00
   5.9243833333333349e+00
   5.9269666666666687e+00
   5.9291833333333352e+00
   5.9316000000000013e+00
   5.9332500000000010e+00
   5.9359500000000018e+00
   5.9389333333333347e+00
   5.9411833333333348e+00
   5.9439833333333354e+00
   5.9469333333333356e+00
   5.9489833333333353e+00
   5.9511666666666683e+00
   5.9534666666666682e+00
   5.9560333333333348e+00
   5.9573166666666690e+00
   5.9597166666666688e+00
   5.9619666666666689e+00
   5.9630166666666691e+00
   5.9641333333333355e+00
   5.9679333333333355e+00
   5.9709333333333365e+00
   5.9739500000000021e+00
   5.9769833333333358e+00
   5.9795333333333351e+00
   5.9804666666666684e+00
   5.9822166666666678e+00
   5.9842333333333348e+00
   5.9867666666666670e+00
   5.9913666666666678e+00
   5.9954000000000010e+00
   5.9994166666666686e+00
   6.0034166666666673e+00
   6.0060666666666682e+00
   6.0080666666666680e+00
   6.0091500000000018e+00
   6.0110333333333354e+00
   6.0121666666666682e+00
   6.0113500000000011e+00
   6.0106833333333345e+00
   6.0109166666666685e+00
   6.0094833333333346e+00
   6.0097166666666677e+00
   6.0128000000000013e+00
   6.0150000000000015e+00
   6.0182000000000020e+00
   6.0213500000000018e+00
   6.0250333333333357e+00
   6.0285500000000019e+00
   6.0306666666666686e+00
   6.0324000000000018e+00
   6.0345500000000012e+00
   6.0369500000000009e+00
   6.0385333333333344e+00
   6.0397500000000015e+00
   6.0422333333333347e+00
   6.0445833333333345e+00
   6.0458000000000007e+00
   6.0459833333333339e+00
   6.0479166666666675e+00
   6.0520333333333340e+00
   6.0582833333333337e+00
   6.0621833333333335e+00
   6.0650833333333338e+00
   6.0686833333333334e+00
   6.0733166666666660e+00
   6.0763833333333332e+00
   6.0770333333333326e+00
   6.0758999999999990e+00
   6.0782999999999996e+00
   6.0796833333333327e+00
   6.0807333333333329e+00
   6.0807666666666655e+00
   6.0813333333333333e+00
   6.0801999999999987e+00
   6.0766666666666662e+00
   6.0748999999999995e+00
   6.0724833333333326e+00
   6.0698166666666653e+00
   6.0686833333333325e+00
   6.0674833333333318e+00
   6.0642666666666649e+00
   6.0614999999999988e+00
   6.0600166666666651e+00
   6.0606499999999981e+00
   6.0619499999999986e+00
   6.0646499999999985e+00
   6.0672833333333314e+00
   6.0696999999999983e+00
   6.0708666666666655e+00
   6.0696666666666648e+00
   6.0674833333333318e+00
   6.0666833333333310e+00
   6.0695166666666642e+00
   6.0723833333333319e+00
   6.0742333333333320e+00
   6.0775499999999978e+00
   6.0801499999999988e+00
   6.0823999999999989e+00
   6.0856166666666649e+00
   6.0896333333333317e+00
   6.0944166666666657e+00
   6.0996666666666650e+00
   6.1041666666666643e+00
   6.1087999999999969e+00
   6.1131666666666638e+00
   6.1190833333333305e+00
   6.1252166666666641e+00
   6.1296499999999972e+00
   6.1296166666666645e+00
   6.1305499999999977e+00
   6.1299166666666638e+00
   6.1295666666666637e+00
   6.1299833333333309e+00
   6.1332999999999975e+00
   6.1361499999999998e+00
   6.1390166666666666e+00
   6.1407833333333333e+00
   6.1447166666666666e+00
   6.1473666666666658e+00
   6.1515999999999993e+00
   6.1526999999999994e+00
   6.1539666666666664e+00
   6.1549999999999994e+00
   6.1555666666666662e+00
   6.1573666666666664e+00
   6.1603999999999992e+00
   6.1628999999999996e+00
   6.1643333333333326e+00
   6.1667499999999995e+00
   6.1684666666666654e+00
   6.1721999999999992e+00
   6.1740833333333329e+00
   6.1762666666666668e+00
   6.1795666666666671e+00
   6.1829333333333336e+00
   6.1867166666666673e+00
   6.1885500000000002e+00
   6.1905999999999999e+00
   6.1930166666666668e+00
   6.1974833333333335e+00
   6.2014333333333331e+00
   6.2044166666666669e+00
   6.2070333333333334e+00
   6.2094500000000004e+00
   6.2125499999999994e+00
   6.2157666666666671e+00
   6.2201499999999994e+00
   6.2240666666666664e+00
   6.2251833333333328e+00
   6.2260333333333335e+00
   6.2246666666666668e+00
   6.2256833333333335e+00
   6.2292833333333339e+00
   6.2344000000000008e+00
   6.2404000000000002e+00
   6.2457666666666674e+00
   6.2510833333333347e+00
   6.2564666666666673e+00
   6.2623666666666686e+00
   6.2682000000000020e+00
   6.2734000000000014e+00
   6.2777833333333346e+00
   6.2839833333333353e+00
   6.2892333333333346e+00
   6.2957333333333345e+00
   6.3014666666666681e+00
   6.3067166666666683e+00
   6.3109000000000020e+00
   6.3152500000000016e+00
   6.3195333333333350e+00
   6.3244666666666687e+00
   6.3280666666666683e+00
   6.3281500000000017e+00
   6.3289666666666680e+00
   6.3284666666666682e+00
   6.3305500000000015e+00
   6.3334833333333354e+00
   6.3373666666666679e+00
   6.3430000000000017e+00
   6.3488166666666688e+00
   6.3555166666666691e+00
   6.3615000000000013e+00
   6.3650833333333354e+00
   6.3686666666666687e+00
   6.3723000000000027e+00
   6.3774666666666686e+00
   6.3818000000000028e+00
   6.3850166666666688e+00
   6.3901666666666692e+00
   6.3941666666666688e+00
   6.3961500000000013e+00
   6.3983666666666679e+00
   6.4002000000000017e+00
   6.4028000000000018e+00
   6.4032833333333352e+00
   6.4038000000000022e+00
   6.4042333333333357e+00
   6.4041500000000022e+00
   6.4010333333333351e+00
   6.3980333333333350e+00
   6.3934833333333358e+00
   6.3906333333333354e+00
   6.3907166666666697e+00
   6.3865833333333359e+00
   6.3841000000000028e+00
   6.3832333333333366e+00
   6.3850666666666696e+00
   6.3851166666666694e+00
   6.3893166666666685e+00
   6.3957666666666686e+00
   6.3995500000000023e+00
   6.4007833333333357e+00
   6.4000166666666702e+00
   6.3981833333333364e+00
   6.3961666666666694e+00
   6.3957333333333359e+00
   6.3953166666666688e+00
   6.3947833333333364e+00
   6.3923166666666695e+00
   6.3884333333333370e+00
   6.3860166666666700e+00
   6.3836500000000038e+00
   6.3822000000000036e+00
   6.3829833333333372e+00
   6.3848666666666709e+00
   6.3855833333333374e+00
   6.3849500000000043e+00
   6.3834833333333370e+00
   6.3829833333333381e+00
   6.3809166666666712e+00
   6.3771166666666712e+00
   6.3742666666666716e+00
   6.3735333333333388e+00
   6.3714166666666721e+00
   6.3697500000000060e+00
   6.3672666666666720e+00
   6.3651833333333387e+00
   6.3630833333333392e+00
   6.3617666666666723e+00
   6.3603500000000057e+00
   6.3585000000000056e+00
   6.3608000000000056e+00
   6.3633000000000051e+00
   6.3653166666666721e+00
   6.3642833333333391e+00
   6.3641333333333385e+00
   6.3624833333333388e+00
   6.3631666666666717e+00
   6.3642000000000056e+00
   6.3640000000000052e+00
   6.3641500000000049e+00
   6.3649166666666721e+00
   6.3676333333333375e+00
   6.3706500000000048e+00
   6.3755333333333377e+00
   6.3787166666666701e+00
   6.3793833333333367e+00
   6.3745833333333373e+00
   6.3677666666666699e+00
   6.3651166666666699e+00
   6.3620833333333362e+00
   6.3587666666666705e+00
   6.3565666666666703e+00
   6.3539000000000039e+00
   6.3512166666666703e+00
   6.3492666666666704e+00
   6.3490166666666701e+00
   6.3497500000000038e+00
   6.3465000000000042e+00
   6.3428833333333374e+00
   6.3398333333333374e+00
   6.3368833333333372e+00
   6.3361666666666698e+00
   6.3359166666666704e+00
   6.3363500000000039e+00
   6.3368666666666700e+00
   6.3360500000000028e+00
   6.3325833333333366e+00
   6.3296000000000037e+00
   6.3290500000000032e+00
   6.3270000000000026e+00
   6.3267500000000032e+00
   6.3259666666666696e+00
   6.3243500000000026e+00
   6.3220166666666682e+00
   6.3211333333333357e+00
   6.3165500000000012e+00
   6.3162500000000019e+00
   6.3153500000000014e+00
   6.3156166666666680e+00
   6.3140666666666672e+00
   6.3139500000000011e+00
   6.3133000000000008e+00
   6.3099333333333352e+00
   6.3039000000000014e+00
   6.2981333333333351e+00
   6.2915833333333353e+00
   6.2842166666666692e+00
   6.2762833333333354e+00
   6.2682333333333355e+00
   6.2592333333333352e+00
   6.2530333333333346e+00
   6.2491666666666683e+00
   6.2482000000000006e+00
   6.2471500000000013e+00
   6.2448166666666669e+00
   6.2415500000000002e+00
   6.2374333333333345e+00
   6.2346166666666676e+00
   6.2308000000000012e+00
   6.2271833333333344e+00
   6.2290166666666682e+00
   6.2320000000000011e+00
   6.2339166666666674e+00
   6.2309833333333335e+00
   6.2273000000000005e+00
   6.2225666666666672e+00
   6.2168833333333344e+00
   6.2114833333333337e+00
   6.2033666666666676e+00
   6.1946166666666675e+00
   6.1875333333333336e+00
   6.1794666666666664e+00
   6.1726499999999991e+00
   6.1664666666666657e+00
   6.1618166666666658e+00
   6.1571166666666661e+00
   6.1510333333333325e+00
   6.1467166666666655e+00
   6.1422499999999989e+00
   6.1391833333333325e+00
   6.1353666666666653e+00
   6.1321666666666657e+00
   6.1287999999999991e+00
   6.1224999999999996e+00
   6.1167833333333324e+00
   6.1115833333333311e+00
   6.1072166666666652e+00
   6.1029166666666654e+00
   6.1012166666666650e+00
   6.0985166666666650e+00
   6.0955333333333312e+00
   6.0908499999999979e+00
   6.0873499999999980e+00
   6.0825999999999985e+00
   6.0784833333333319e+00
   6.0758666666666654e+00
   6.0735999999999981e+00
   6.0725499999999979e+00
   6.0702333333333316e+00
   6.0699833333333313e+00
   6.0686333333333327e+00
   6.0650833333333320e+00
   6.0637166666666662e+00
   6.0602000000000000e+00
   6.0591166666666663e+00
   6.0568000000000000e+00
   6.0568166666666654e+00
   6.0563499999999992e+00
   6.0564999999999998e+00
   6.0593666666666666e+00
   6.0632500000000000e+00
   6.0704666666666656e+00
   6.0783166666666659e+00
   6.0847166666666661e+00
   6.0898166666666658e+00
   6.0931166666666661e+00
   6.0937999999999990e+00
   6.0969666666666660e+00
   6.1018999999999988e+00
   6.1046499999999986e+00
   6.1094833333333316e+00
   6.1158999999999981e+00
   6.1245666666666656e+00
   6.1338833333333325e+00
   6.1446666666666658e+00
   6.1519999999999992e+00
   6.1566333333333327e+00
   6.1614166666666659e+00
   6.1656833333333321e+00
   6.1704833333333324e+00
   6.1729499999999993e+00
   6.1751166666666659e+00
   6.1805999999999992e+00
   6.1863333333333328e+00
   6.1905666666666663e+00
   6.1993999999999989e+00
   6.2084000000000001e+00
   6.2153166666666664e+00
   6.2203833333333325e+00
   6.2231999999999994e+00
   6.2272499999999988e+00
   6.2310499999999989e+00
   6.2365166666666658e+00
   6.2392333333333321e+00
   6.2442333333333320e+00
   6.2480999999999991e+00
   6.2474499999999988e+00
   6.2444999999999986e+00
   6.2433833333333322e+00
   6.2444999999999986e+00
   6.2465833333333327e+00
   6.2486833333333323e+00
   6.2523833333333325e+00
   6.2565666666666662e+00
   6.2591999999999990e+00
   6.2621666666666655e+00
   6.2634499999999997e+00
   6.2620833333333330e+00
   6.2599499999999990e+00
   6.2586166666666658e+00
   6.2586499999999994e+00
   6.2595666666666663e+00
   6.2627499999999996e+00
   6.2638666666666660e+00
   6.2662500000000003e+00
   6.2676500000000006e+00
   6.2685833333333330e+00
   6.2715333333333332e+00
   6.2718666666666669e+00
   6.2726666666666668e+00
   6.2705000000000002e+00
   6.2694000000000001e+00
   6.2706333333333335e+00
   6.2707333333333324e+00
   6.2706166666666663e+00
   6.2687833333333325e+00
   6.2649166666666662e+00
   6.2631666666666659e+00
   6.2621666666666664e+00
   6.2664833333333325e+00
   6.2709166666666656e+00
   6.2743333333333320e+00
   6.2759499999999999e+00
   6.2775666666666661e+00
   6.2786999999999988e+00
   6.2763999999999989e+00
   6.2767166666666663e+00
   6.2785499999999983e+00
   6.2814499999999986e+00
   6.2828833333333325e+00
   6.2871166666666660e+00
   6.2916499999999989e+00
   6.2944166666666650e+00
   6.2964999999999982e+00
   6.2964166666666648e+00
   6.2983166666666648e+00
   6.3011833333333307e+00
   6.3030666666666635e+00
   6.3047666666666649e+00
   6.3039999999999976e+00
   6.3007999999999980e+00
   6.3010166666666647e+00
   6.2985833333333314e+00
   6.2972166666666647e+00
   6.2964499999999974e+00
   6.2949333333333310e+00
   6.2899999999999983e+00
   6.2849333333333313e+00
   6.2801666666666645e+00
   6.2767833333333316e+00
   6.2770166666666647e+00
   6.2772999999999977e+00
   6.2791166666666642e+00
   6.2789333333333310e+00
   6.2792333333333321e+00
   6.2800499999999984e+00
   6.2797166666666646e+00
   6.2802499999999979e+00
   6.2760499999999979e+00
   6.2719666666666640e+00
   6.2688333333333306e+00
   6.2641166666666637e+00
   6.2585333333333306e+00
   6.2569166666666645e+00
   6.2564499999999974e+00
   6.2559666666666640e+00
   6.2552333333333312e+00
   6.2545166666666647e+00
   6.2538833333333317e+00
   6.2484666666666646e+00
   6.2435833333333308e+00
   6.2368666666666632e+00
   6.2306999999999970e+00
   6.2244499999999974e+00
   6.2163499999999976e+00
   6.2085999999999970e+00
   6.2040666666666633e+00
   6.2014166666666632e+00
   6.1990999999999969e+00
   6.1939166666666639e+00
   6.1911499999999968e+00
   6.1894833333333308e+00
   6.1857166666666643e+00
   6.1808333333333314e+00
   6.1782999999999975e+00
   6.1741999999999981e+00
   6.1686999999999976e+00
   6.1626999999999965e+00
   6.1557666666666639e+00
   6.1490166666666637e+00
   6.1428166666666630e+00
   6.1386166666666622e+00
   6.1348999999999965e+00
   6.1301166666666633e+00
   6.1262999999999970e+00
   6.1234666666666637e+00
   6.1188666666666629e+00
   6.1145499999999959e+00
   6.1112833333333292e+00
   6.1082499999999964e+00
   6.1029999999999953e+00
   6.0989833333333294e+00
   6.0910999999999964e+00
   6.0835499999999971e+00
   6.0751333333333299e+00
   6.0686666666666635e+00
   6.0634333333333306e+00
   6.0594499999999973e+00
   6.0579666666666636e+00
   6.0566833333333303e+00
   6.0561499999999961e+00
   6.0543333333333296e+00
   6.0529999999999955e+00
   6.0485333333333298e+00
   6.0450833333333289e+00
   6.0396999999999954e+00
   6.0354166666666620e+00
   6.0303833333333294e+00
   6.0251166666666629e+00
   6.0193333333333294e+00
   6.0140333333333302e+00
   6.0080166666666628e+00
   6.0030499999999964e+00
   5.9979833333333303e+00
   5.9933333333333305e+00
   5.9885666666666646e+00
   5.9841333333333315e+00
   5.9795833333333306e+00
   5.9738833333333305e+00
   5.9688333333333308e+00
   5.9642999999999970e+00
   5.9585833333333298e+00
   5.9504333333333301e+00
   5.9427666666666630e+00
   5.9343166666666622e+00
   5.9239666666666633e+00
   5.9178666666666624e+00
   5.9123166666666629e+00
   5.9070999999999962e+00
   5.9019333333333286e+00
   5.8956499999999954e+00
   5.8904333333333287e+00
   5.8848166666666630e+00
   5.8768999999999956e+00
   5.8699166666666622e+00
   5.8649166666666614e+00
   5.8664499999999951e+00
   5.8703999999999947e+00
   5.8721499999999951e+00
   5.8723333333333283e+00
   5.8718666666666621e+00
   5.8696833333333283e+00
   5.8658333333333283e+00
   5.8628666666666609e+00
   5.8614166666666616e+00
   5.8595166666666607e+00
   5.8552333333333273e+00
   5.8502666666666610e+00
   5.8471666666666611e+00
   5.8419833333333280e+00
   5.8347166666666617e+00
   5.8260166666666615e+00
   5.8175499999999953e+00
   5.8096333333333288e+00
   5.8023333333333280e+00
   5.7971833333333276e+00
   5.7911833333333282e+00
   5.7857999999999947e+00
   5.7819499999999948e+00
   5.7786166666666618e+00
   5.7745999999999951e+00
   5.7699833333333288e+00
   5.7648833333333283e+00
   5.7599333333333291e+00
   5.7545999999999955e+00
   5.7504333333333282e+00
   5.7450999999999945e+00
   5.7372166666666624e+00
   5.7270499999999958e+00
   5.7181833333333287e+00
   5.7091333333333285e+00
   5.7037666666666613e+00
   5.6970999999999954e+00
   5.6914499999999952e+00
   5.6858166666666614e+00
   5.6782333333333286e+00
   5.6721833333333276e+00
   5.6644666666666614e+00
   5.6587666666666614e+00
   5.6550166666666621e+00
   5.6497499999999947e+00
   5.6451833333333283e+00
   5.6403666666666616e+00
   5.6372833333333290e+00
   5.6344833333333293e+00
   5.6289833333333288e+00
   5.6250666666666618e+00
   5.6187333333333287e+00
   5.6122999999999950e+00
   5.6079666666666617e+00
   5.6011333333333280e+00
   5.5957833333333280e+00
   5.5882333333333278e+00
   5.5822166666666622e+00
   5.5760666666666623e+00
   5.5711333333333286e+00
   5.5650333333333277e+00
   5.5591999999999953e+00
   5.5521833333333284e+00
   5.5455999999999959e+00
   5.5381166666666619e+00
   5.5318999999999949e+00
   5.5282833333333281e+00
   5.5262333333333284e+00
   5.5234166666666606e+00
   5.5169666666666615e+00
   5.5114499999999937e+00
   5.5061999999999944e+00
   5.5019833333333281e+00
   5.4977833333333281e+00
   5.4925666666666624e+00
   5.4897666666666618e+00
   5.4858499999999948e+00
   5.4824499999999956e+00
   5.4807833333333296e+00
   5.4810499999999953e+00
   5.4822833333333296e+00
   5.4829666666666634e+00
   5.4823833333333294e+00
   5.4827333333333295e+00
   5.4807666666666641e+00
   5.4759666666666638e+00
   5.4751999999999965e+00
   5.4743666666666639e+00
   5.4738499999999979e+00
   5.4724833333333311e+00
   5.4712166666666642e+00
   5.4701499999999976e+00
   5.4686166666666649e+00
   5.4669166666666644e+00
   5.4638666666666644e+00
   5.4614999999999982e+00
   5.4584833333333309e+00
   5.4562333333333317e+00
   5.4542999999999973e+00
   5.4558333333333300e+00
   5.4584499999999974e+00
   5.4577333333333309e+00
   5.4559333333333306e+00
   5.4537499999999968e+00
   5.4520499999999972e+00
   5.4512999999999971e+00
   5.4506833333333304e+00
   5.4496333333333302e+00
   5.4490999999999978e+00
   5.4499333333333313e+00
   5.4518333333333313e+00
   5.4466999999999981e+00
   5.4448999999999979e+00
   5.4423333333333312e+00
   5.4390833333333317e+00
   5.4366833333333311e+00
   5.4364166666666645e+00
   5.4371833333333308e+00
   5.4362499999999976e+00
   5.4372166666666644e+00
   5.4417833333333308e+00
   5.4461999999999975e+00
   5.4492499999999975e+00
   5.4540999999999968e+00
   5.4581999999999971e+00
   5.4613666666666640e+00
   5.4597333333333307e+00
   5.4573833333333308e+00
   5.4571833333333313e+00
   5.4574499999999970e+00
   5.4576499999999983e+00
   5.4577999999999971e+00
   5.4601666666666642e+00
   5.4633166666666639e+00
   5.4657166666666646e+00
   5.4658833333333314e+00
   5.4653999999999980e+00
   5.4643333333333315e+00
   5.4616833333333314e+00
   5.4587166666666640e+00
   5.4557499999999983e+00
   5.4510833333333313e+00
   5.4464666666666650e+00
   5.4414333333333316e+00
   5.4386666666666637e+00
   5.4356833333333308e+00
   5.4322166666666636e+00
   5.4290666666666638e+00
   5.4254666666666642e+00
   5.4218999999999973e+00
   5.4209166666666642e+00
   5.4219666666666644e+00
   5.4218333333333311e+00
   5.4207666666666645e+00
   5.4213166666666641e+00
   5.4196833333333307e+00
   5.4150666666666645e+00
   5.4116500000000043e+00
   5.4067333333333369e+00
   5.4024833333333371e+00
   5.3966500000000037e+00
   5.3908666666666694e+00
   5.3828666666666694e+00
   5.3771166666666694e+00
   5.3718666666666683e+00
   5.3664000000000023e+00
   5.3618333333333359e+00
   5.3584000000000023e+00
   5.3545833333333359e+00
   5.3502333333333363e+00
   5.3458666666666694e+00
   5.3407833333333370e+00
   5.3375333333333366e+00
   5.3347500000000032e+00
   5.3337500000000029e+00
   5.3327333333333371e+00
   5.3302500000000039e+00
   5.3252500000000031e+00
   5.3198500000000033e+00
   5.3153500000000031e+00
   5.3097500000000029e+00
   5.3043000000000031e+00
   5.3001500000000021e+00
   5.2965833333333370e+00
   5.2949166666666692e+00
   5.2932333333333368e+00
   5.2929333333333366e+00
   5.2888666666666699e+00
   5.2832333333333370e+00
   5.2750500000000038e+00
   5.2671000000000037e+00
   5.2620666666666702e+00
   5.2584500000000034e+00
   5.2572833333333362e+00
   5.2548166666666694e+00
   5.2502166666666694e+00
   5.2446000000000028e+00
   5.2396000000000029e+00
   5.2354333333333356e+00
   5.2337833333333359e+00
   5.2310333333333361e+00
   5.2277000000000031e+00
   5.2228500000000029e+00
   5.2178666666666693e+00
   5.2137500000000028e+00
   5.2085166666666689e+00
   5.2041166666666694e+00
   5.2002166666666687e+00
   5.2000333333333355e+00
   5.1975166666666697e+00
   5.1978000000000026e+00
   5.1993500000000026e+00
   5.2009333333333352e+00
   5.2008666666666690e+00
   5.1996333333333355e+00
   5.1998833333333350e+00
   5.1978166666666681e+00
   5.1968666666666676e+00
   5.1942500000000020e+00
   5.1936333333333344e+00
   5.1923833333333347e+00
   5.1898500000000007e+00
   5.1866833333333338e+00
   5.1837333333333335e+00
   5.1837666666666671e+00
   5.1849333333333343e+00
   5.1849500000000006e+00
   5.1860666666666670e+00
   5.1859833333333336e+00
   5.1854333333333340e+00
   5.1840166666666665e+00
   5.1822666666666670e+00
   5.1799833333333334e+00
   5.1827833333333331e+00
   5.1848000000000001e+00
   5.1852333333333336e+00
   5.1850666666666667e+00
   5.1863500000000009e+00
   5.1888500000000004e+00
   5.1931000000000012e+00
   5.1965166666666676e+00
   5.2042833333333345e+00
   5.2096666666666680e+00
   5.2147500000000013e+00
   5.2183333333333337e+00
   5.2176000000000009e+00
   5.2207000000000008e+00
   5.2203833333333343e+00
   5.2219666666666669e+00
   5.2220333333333340e+00
   5.2228666666666674e+00
   5.2250333333333341e+00
   5.2253666666666669e+00
   5.2258166666666659e+00
   5.2260000000000000e+00
   5.2268666666666661e+00
   5.2281333333333331e+00
   5.2285333333333330e+00
   5.2294666666666663e+00
   5.2302333333333335e+00
   5.2310833333333333e+00
   5.2316500000000001e+00
   5.2323500000000003e+00
   5.2322000000000006e+00
   5.2316333333333338e+00
   5.2301000000000011e+00
   5.2259166666666674e+00
   5.2215833333333341e+00
   5.2176333333333336e+00
   5.2146833333333333e+00
   5.2123999999999997e+00
   5.2096999999999998e+00
   5.2066999999999988e+00
   5.2052999999999994e+00
   5.2029666666666659e+00
   5.2020166666666654e+00
   5.2010166666666651e+00
   5.1999333333333322e+00
   5.1987999999999985e+00
   5.1978499999999990e+00
   5.1932999999999989e+00
   5.1884333333333323e+00
   5.1825166666666656e+00
   5.1794333333333320e+00
   5.1763166666666658e+00
   5.1708833333333324e+00
   5.1641999999999992e+00
   5.1577999999999991e+00
   5.1512499999999992e+00
   5.1471333333333318e+00
   5.1423499999999986e+00
   5.1378999999999984e+00
   5.1331666666666642e+00
   5.1289166666666652e+00
   5.1243833333333324e+00
   5.1174666666666653e+00
   5.1141666666666650e+00
   5.1098333333333317e+00
   5.1036666666666646e+00
   5.0998499999999982e+00
   5.1012999999999984e+00
   5.1027833333333321e+00
   5.1009499999999992e+00
   5.0979666666666663e+00
   5.0941166666666655e+00
   5.0891833333333318e+00
   5.0845333333333320e+00
   5.0818499999999984e+00
   5.0790999999999986e+00
   5.0780333333333312e+00
   5.0757833333333320e+00
   5.0750666666666655e+00
   5.0734999999999992e+00
   5.0710499999999987e+00
   5.0689499999999983e+00
   5.0655333333333310e+00
   5.0609666666666646e+00
   5.0532999999999975e+00
   5.0455166666666651e+00
   5.0395166666666649e+00
   5.0357333333333321e+00
   5.0300999999999982e+00
   5.0228499999999983e+00
   5.0175666666666654e+00
   5.0120999999999984e+00
   5.0081166666666661e+00
   5.0032166666666660e+00
   4.9988499999999991e+00
   4.9941333333333322e+00
   4.9921499999999988e+00
   4.9913833333333315e+00
   4.9911166666666649e+00
   4.9887499999999978e+00
   4.9865499999999985e+00
   4.9815166666666642e+00
   4.9766666666666648e+00
   4.9709499999999984e+00
   4.9681666666666642e+00
   4.9644666666666657e+00
   4.9621499999999985e+00
   4.9612333333333325e+00
   4.9603166666666656e+00
   4.9609166666666660e+00
   4.9621999999999993e+00
   4.9610499999999993e+00
   4.9587833333333329e+00
   4.9530999999999992e+00
   4.9463999999999988e+00
   4.9419499999999985e+00
   4.9381999999999984e+00
   4.9354833333333321e+00
   4.9333166666666655e+00
   4.9345499999999989e+00
   4.9337333333333326e+00
   4.9314499999999990e+00
   4.9276333333333326e+00
   4.9239833333333323e+00
   4.9210666666666656e+00
   4.9201333333333324e+00
   4.9212833333333323e+00
   4.9237166666666656e+00
   4.9257833333333325e+00
   4.9294166666666657e+00
   4.9315666666666660e+00
   4.9342666666666659e+00
   4.9363666666666663e+00
   4.9402499999999998e+00
   4.9435000000000002e+00
   4.9449333333333332e+00
   4.9460333333333333e+00
   4.9475166666666670e+00
   4.9474333333333336e+00
   4.9480166666666667e+00
   4.9462999999999999e+00
   4.9454500000000001e+00
   4.9453666666666667e+00
   4.9426666666666668e+00
   4.9435500000000001e+00
   4.9442500000000003e+00
   4.9447333333333336e+00
   4.9454833333333337e+00
   4.9467666666666670e+00
   4.9456833333333332e+00
   4.9454833333333337e+00
   4.9451000000000009e+00
   4.9446833333333338e+00
   4.9406166666666662e+00
   4.9391333333333334e+00
   4.9368166666666671e+00
   4.9346166666666678e+00
   4.9320833333333329e+00
   4.9312166666666677e+00
   4.9314166666666672e+00
   4.9310166666666673e+00
   4.9321666666666673e+00
   4.9360500000000007e+00
   4.9398000000000009e+00
   4.9428166666666673e+00
   4.9422333333333341e+00
   4.9455166666666672e+00
   4.9478833333333343e+00
   4.9509666666666678e+00
   4.9522500000000003e+00
   4.9477500000000010e+00
   4.9453500000000012e+00
   4.9396500000000012e+00
   4.9334500000000014e+00
   4.9305333333333348e+00
   4.9276500000000016e+00
   4.9272000000000009e+00
   4.9281833333333349e+00
   4.9309333333333347e+00
   4.9295333333333353e+00
   4.9278000000000022e+00
   4.9237666666666682e+00
   4.9167166666666686e+00
   4.9066166666666682e+00
   4.8962166666666684e+00
   4.8901166666666676e+00
   4.8858666666666686e+00
   4.8828500000000012e+00
   4.8816500000000014e+00
   4.8782333333333350e+00
   4.8744000000000023e+00
   4.8720833333333351e+00
   4.8687500000000012e+00
   4.8643666666666681e+00
   4.8610166666666679e+00
   4.8586333333333345e+00
   4.8530000000000006e+00
   4.8479500000000009e+00
   4.8437500000000018e+00
   4.8421000000000012e+00
   4.8393500000000014e+00
   4.8360333333333347e+00
   4.8315500000000009e+00
   4.8284666666666682e+00
   4.8274500000000016e+00
   4.8249833333333347e+00
   4.8240333333333352e+00
   4.8269333333333346e+00
   4.8290000000000015e+00
   4.8320166666666680e+00
   4.8334333333333355e+00
   4.8351833333333358e+00
   4.8371666666666684e+00
   4.8383000000000020e+00
   4.8376333333333346e+00
   4.8369333333333344e+00
   4.8358166666666680e+00
   4.8366333333333351e+00
   4.8385500000000015e+00
   4.8404500000000015e+00
   4.8423500000000015e+00
   4.8438666666666688e+00
   4.8443333333333358e+00
   4.8425333333333347e+00
   4.8408500000000014e+00
   4.8401666666666676e+00
   4.8394166666666676e+00
   4.8384500000000008e+00
   4.8368166666666674e+00
   4.8368666666666682e+00
   4.8371333333333348e+00
   4.8403000000000000e+00
   4.8440833333333346e+00
   4.8444000000000011e+00
   4.8465666666666687e+00
   4.8519166666666687e+00
   4.8563666666666681e+00
   4.8616833333333354e+00
   4.8605333333333354e+00
   4.8607166666666686e+00
   4.8578166666666682e+00
   4.8550500000000021e+00
   4.8522833333333351e+00
   4.8516000000000012e+00
   4.8515333333333350e+00
   4.8522833333333351e+00
   4.8544333333333345e+00
   4.8567166666666681e+00
   4.8575000000000017e+00
   4.8571833333333352e+00
   4.8579166666666680e+00
   4.8571833333333343e+00
   4.8565333333333349e+00
   4.8550833333333347e+00
   4.8539500000000011e+00
   4.8525666666666680e+00
   4.8501333333333347e+00
   4.8476666666666679e+00
   4.8461833333333351e+00
   4.8459333333333348e+00
   4.8482333333333338e+00
   4.8532500000000010e+00
   4.8548166666666681e+00
   4.8597333333333346e+00
   4.8648666666666678e+00
   4.8683500000000004e+00
   4.8709000000000007e+00
   4.8754666666666679e+00
   4.8795999999999999e+00
   4.8826000000000009e+00
   4.8858166666666669e+00
   4.8869000000000007e+00
   4.8872666666666680e+00
   4.8875333333333337e+00
   4.8867500000000001e+00
   4.8867166666666675e+00
   4.8847666666666676e+00
   4.8829333333333338e+00
   4.8810666666666673e+00
   4.8830833333333343e+00
   4.8874333333333331e+00
   4.8889499999999995e+00
   4.8944500000000000e+00
   4.8964499999999997e+00
   4.8967499999999999e+00
   4.8969166666666668e+00
   4.8949500000000006e+00
   4.8914333333333335e+00
   4.8907500000000006e+00
   4.8875500000000001e+00
   4.8885666666666676e+00
   4.8896666666666668e+00
   4.8930333333333342e+00
   4.8962166666666675e+00
   4.8992000000000004e+00
   4.9025166666666671e+00
   4.9054833333333336e+00
   4.9079000000000006e+00
   4.9102333333333341e+00
   4.9125833333333340e+00
   4.9173333333333336e+00
   4.9197666666666660e+00
   4.9206333333333339e+00
   4.9217000000000004e+00
   4.9218666666666664e+00
   4.9229166666666666e+00
   4.9249333333333336e+00
   4.9252000000000002e+00
   4.9271666666666674e+00
   4.9311166666666670e+00
   4.9357166666666661e+00
   4.9398166666666663e+00
   4.9430999999999994e+00
   4.9467166666666662e+00
   4.9501166666666663e+00
   4.9530333333333330e+00
   4.9571499999999995e+00
   4.9610166666666657e+00
   4.9629833333333329e+00
   4.9655333333333331e+00
   4.9673166666666653e+00
   4.9698499999999992e+00
   4.9720999999999984e+00
   4.9766666666666648e+00
   4.9818499999999979e+00
   4.9875833333333324e+00
   4.9918166666666650e+00
   4.9955833333333324e+00
   4.9980166666666648e+00
   4.9987333333333313e+00
   4.9988166666666647e+00
   4.9995666666666656e+00
   5.0014833333333319e+00
   5.0050833333333324e+00
   5.0101333333333313e+00
   5.0148499999999983e+00
   5.0182999999999982e+00
   5.0185499999999985e+00
   5.0193166666666658e+00
   5.0201999999999982e+00
   5.0213333333333310e+00
   5.0237999999999978e+00
   5.0276166666666651e+00
   5.0304833333333310e+00
   5.0335666666666645e+00
   5.0364333333333313e+00
   5.0378666666666643e+00
   5.0397333333333307e+00
   5.0419833333333308e+00
   5.0454166666666644e+00
   5.0500666666666643e+00
   5.0536999999999974e+00
   5.0577333333333305e+00
   5.0595499999999980e+00
   5.0603999999999978e+00
   5.0622333333333316e+00
   5.0626999999999978e+00
   5.0607666666666642e+00
   5.0627166666666641e+00
   5.0624166666666648e+00
   5.0633333333333308e+00
   5.0649333333333315e+00
   5.0660666666666643e+00
   5.0676499999999969e+00
   5.0703666666666640e+00
   5.0723833333333310e+00
   5.0750333333333311e+00
   5.0741833333333304e+00
   5.0723333333333303e+00
   5.0703833333333304e+00
   5.0691499999999969e+00
   5.0664499999999979e+00
   5.0644999999999971e+00
   5.0616499999999975e+00
   5.0611166666666634e+00
   5.0607166666666643e+00
   5.0585999999999975e+00
   5.0604499999999977e+00
   5.0633833333333307e+00
   5.0645333333333307e+00
   5.0625833333333308e+00
   5.0627166666666641e+00
   5.0660166666666644e+00
   5.0666833333333310e+00
   5.0689999999999973e+00
   5.0717166666666635e+00
   5.0715666666666639e+00
   5.0729166666666634e+00
   5.0743833333333308e+00
   5.0739166666666646e+00
   5.0727666666666638e+00
   5.0727333333333311e+00
   5.0734499999999976e+00
   5.0755833333333307e+00
   5.0773166666666638e+00
   5.0793666666666644e+00
   5.0792166666666638e+00
   5.0803999999999974e+00
   5.0819999999999963e+00
   5.0870999999999977e+00
   5.0914999999999973e+00
   5.0975499999999965e+00
   5.1030999999999969e+00
   5.1066833333333310e+00
   5.1075333333333299e+00
   5.1078833333333309e+00
   5.1098166666666645e+00
   5.1113833333333307e+00
   5.1091999999999977e+00
   5.1068333333333307e+00
   5.0992999999999977e+00
   5.0937833333333309e+00
   5.0925166666666639e+00
   5.0928999999999975e+00
   5.0924833333333313e+00
   5.0891833333333309e+00
   5.0885833333333315e+00
   5.0871333333333313e+00
   5.0873333333333308e+00
   5.0883333333333312e+00
   5.0886499999999977e+00
   5.0930166666666645e+00
   5.0953333333333299e+00
   5.0993833333333303e+00
   5.1033999999999970e+00
   5.1063166666666637e+00
   5.1069999999999967e+00
   5.1129333333333298e+00
   5.1185333333333292e+00
   5.1221666666666632e+00
   5.1270833333333297e+00
   5.1314666666666628e+00
   5.1347666666666623e+00
   5.1359666666666621e+00
   5.1370499999999959e+00
   5.1391166666666619e+00
   5.1443333333333285e+00
   5.1483999999999952e+00
   5.1527166666666622e+00
   5.1565666666666630e+00
   5.1595999999999957e+00
   5.1616999999999962e+00
   5.1637833333333285e+00
   5.1669499999999955e+00
   5.1700499999999954e+00
   5.1705833333333278e+00
   5.1718833333333283e+00
   5.1726166666666620e+00
   5.1731999999999951e+00
   5.1740999999999957e+00
   5.1757333333333291e+00
   5.1783333333333283e+00
   5.1831833333333295e+00
   5.1841333333333290e+00
   5.1877166666666623e+00
   5.1904333333333286e+00
   5.1934666666666613e+00
   5.1955833333333281e+00
   5.1980666666666613e+00
   5.2005166666666609e+00
   5.2027499999999947e+00
   5.2060833333333285e+00
   5.2091166666666613e+00
   5.2132666666666605e+00
   5.2130333333333274e+00
   5.2141499999999947e+00
   5.2149833333333273e+00
   5.2157666666666609e+00
   5.2159833333333276e+00
   5.2136499999999941e+00
   5.2133666666666603e+00
   5.2139166666666599e+00
   5.2145166666666602e+00
   5.2105999999999932e+00
   5.2089666666666590e+00
   5.2079499999999932e+00
   5.2076666666666593e+00
   5.2069499999999929e+00
   5.2097333333333262e+00
   5.2114166666666586e+00
   5.2124833333333251e+00
   5.2124166666666589e+00
   5.2123833333333254e+00
   5.2119166666666583e+00
   5.2156666666666585e+00
   5.2171333333333250e+00
   5.2175999999999920e+00
   5.2126999999999919e+00
   5.2070666666666590e+00
   5.2028666666666599e+00
   5.1995666666666587e+00
   5.1979833333333261e+00
   5.1956166666666590e+00
   5.1931666666666585e+00
   5.1905833333333247e+00
   5.1841333333333246e+00
   5.1788833333333253e+00
   5.1725666666666585e+00
   5.1662499999999918e+00
   5.1612166666666583e+00
   5.1563833333333244e+00
   5.1508166666666577e+00
   5.1462499999999913e+00
   5.1444666666666583e+00
   5.1425499999999920e+00
   5.1414333333333255e+00
   5.1404166666666580e+00
   5.1403333333333254e+00
   5.1401666666666586e+00
   5.1378666666666595e+00
   5.1367499999999930e+00
   5.1328999999999931e+00
   5.1300166666666591e+00
   5.1277499999999927e+00
   5.1276499999999938e+00
   5.1271666666666604e+00
   5.1274833333333270e+00
   5.1263833333333269e+00
   5.1262166666666600e+00
   5.1246666666666600e+00
   5.1231666666666600e+00
   5.1194833333333269e+00
   5.1172166666666596e+00
   5.1172666666666595e+00
   5.1160499999999960e+00
   5.1165999999999956e+00
   5.1142999999999965e+00
   5.1111666666666622e+00
   5.1092666666666631e+00
   5.1106666666666625e+00
   5.1127333333333294e+00
   5.1131999999999964e+00
   5.1126833333333295e+00
   5.1117333333333299e+00
   5.1077666666666630e+00
   5.1073999999999975e+00
   5.1052166666666627e+00
   5.1028999999999964e+00
   5.0995499999999963e+00
   5.0950666666666624e+00
   5.0907166666666637e+00
   5.0881833333333297e+00
   5.0857499999999956e+00
   5.0841333333333294e+00
   5.0849666666666620e+00
   5.0857499999999956e+00
   5.0854666666666635e+00
   5.0862166666666626e+00
   5.0873166666666636e+00
   5.0873833333333298e+00
   5.0873833333333298e+00
   5.0865333333333300e+00
   5.0834666666666628e+00
   5.0796666666666628e+00
   5.0776166666666622e+00
   5.0770166666666618e+00
   5.0763666666666625e+00
   5.0776333333333294e+00
   5.0781499999999964e+00
   5.0796499999999964e+00
   5.0787666666666631e+00
   5.0767999999999960e+00
   5.0722499999999959e+00
   5.0689499999999965e+00
   5.0651833333333300e+00
   5.0618833333333297e+00
   5.0581999999999967e+00
   5.0558666666666632e+00
   5.0515166666666618e+00
   5.0485833333333279e+00
   5.0460999999999956e+00
   5.0448499999999941e+00
   5.0428999999999942e+00
   5.0416166666666609e+00
   5.0406333333333286e+00
   5.0372833333333285e+00
   5.0365666666666620e+00
   5.0342833333333292e+00
   5.0291833333333296e+00
   5.0236166666666620e+00
   5.0193166666666622e+00
   5.0155499999999957e+00
   5.0123166666666616e+00
   5.0106666666666619e+00
   5.0050999999999961e+00
   5.0007666666666628e+00
   4.9956499999999968e+00
   4.9924999999999962e+00
   4.9903999999999957e+00
   4.9878333333333291e+00
   4.9875166666666626e+00
   4.9827833333333293e+00
   4.9798333333333291e+00
   4.9775333333333291e+00
   4.9740833333333283e+00
   4.9700499999999952e+00
   4.9661333333333291e+00
   4.9638999999999953e+00
   4.9617333333333287e+00
   4.9617499999999959e+00
   4.9586999999999959e+00
   4.9549999999999956e+00
   4.9528833333333289e+00
   4.9500333333333284e+00
   4.9480333333333286e+00
   4.9447833333333291e+00
   4.9388833333333295e+00
   4.9338833333333296e+00
   4.9276666666666626e+00
   4.9243666666666623e+00
   4.9184999999999963e+00
   4.9124333333333299e+00
   4.9080499999999958e+00
   4.9066166666666629e+00
   4.9072999999999967e+00
   4.9054833333333292e+00
   4.9024833333333300e+00
   4.9008499999999966e+00
   4.8998666666666635e+00
   4.9006166666666635e+00
   4.9000333333333304e+00
   4.8994833333333299e+00
   4.9002499999999962e+00
   4.9016333333333293e+00
   4.9024666666666636e+00
   4.9027333333333303e+00
   4.9025833333333306e+00
   4.9024666666666636e+00
   4.9030499999999968e+00
   4.9050333333333302e+00
   4.9084833333333302e+00
   4.9088833333333302e+00
   4.9099333333333304e+00
   4.9113999999999969e+00
   4.9121999999999977e+00
   4.9142499999999973e+00
   4.9151333333333307e+00
   4.9157666666666646e+00
   4.9158499999999981e+00
   4.9184833333333309e+00
   4.9224999999999985e+00
   4.9282999999999975e+00
   4.9310333333333318e+00
   4.9319499999999978e+00
   4.9324999999999974e+00
   4.9332333333333311e+00
   4.9340666666666646e+00
   4.9370666666666647e+00
   4.9399666666666660e+00
   4.9446499999999984e+00
   4.9483666666666650e+00
   4.9516499999999981e+00
   4.9562333333333326e+00
   4.9617999999999993e+00
   4.9672333333333318e+00
   4.9719333333333324e+00
   4.9740166666666665e+00
   4.9753499999999997e+00
   4.9761833333333332e+00
   4.9776500000000006e+00
   4.9795166666666670e+00
   4.9820166666666665e+00
   4.9849333333333332e+00
   4.9860166666666661e+00
   4.9890833333333333e+00
   4.9918833333333330e+00
   4.9948499999999996e+00
   4.9963666666666668e+00
   4.9977499999999999e+00
   4.9980000000000002e+00
   4.9994666666666667e+00
   5.0008999999999997e+00
   5.0023000000000000e+00
   5.0040666666666667e+00
   5.0073666666666670e+00
   5.0096000000000007e+00
   5.0102000000000002e+00
   5.0110000000000010e+00
   5.0126166666666681e+00
   5.0156500000000017e+00
   5.0197833333333346e+00
   5.0237333333333343e+00
   5.0261666666666676e+00
   5.0292833333333347e+00
   5.0348166666666687e+00
   5.0406166666666685e+00
   5.0444000000000022e+00
   5.0479000000000029e+00
   5.0527666666666695e+00
   5.0578000000000021e+00
   5.0621000000000018e+00
   5.0642333333333349e+00
   5.0632166666666683e+00
   5.0629000000000008e+00
   5.0627666666666675e+00
   5.0616166666666675e+00
   5.0595166666666671e+00
   5.0559333333333338e+00
   5.0536000000000003e+00
   5.0522000000000000e+00
   5.0521000000000003e+00
   5.0513333333333330e+00
   5.0505999999999993e+00
   5.0523666666666669e+00
   5.0563500000000001e+00
   5.0609833333333336e+00
   5.0653333333333332e+00
   5.0680666666666658e+00
   5.0696333333333330e+00
   5.0677666666666665e+00
   5.0661666666666667e+00
   5.0630999999999995e+00
   5.0597666666666665e+00
   5.0572666666666670e+00
   5.0556666666666672e+00
   5.0546499999999996e+00
   5.0538666666666661e+00
   5.0527833333333323e+00
   5.0515499999999998e+00
   5.0497833333333331e+00
   5.0498333333333330e+00
   5.0495666666666663e+00
   5.0491999999999999e+00
   5.0483166666666666e+00
   5.0492166666666662e+00
   5.0488000000000000e+00
   5.0465999999999998e+00
   5.0440666666666667e+00
   5.0421666666666667e+00
   5.0401999999999996e+00
   5.0413666666666659e+00
   5.0425166666666659e+00
   5.0447333333333324e+00
   5.0432999999999995e+00
   5.0423499999999999e+00
   5.0392833333333336e+00
   5.0369500000000000e+00
   5.0356833333333331e+00
   5.0342166666666666e+00
   5.0339999999999998e+00
   5.0345000000000004e+00
   5.0341166666666668e+00
   5.0316666666666663e+00
   5.0319333333333338e+00
   5.0315500000000002e+00
   5.0325333333333342e+00
   5.0334833333333338e+00
   5.0342500000000001e+00
   5.0369166666666674e+00
   5.0393500000000007e+00
   5.0406166666666676e+00
   5.0403333333333338e+00
   5.0410833333333338e+00
   5.0434000000000010e+00
   5.0430166666666674e+00
   5.0428333333333342e+00
   5.0440333333333331e+00
   5.0449000000000002e+00
   5.0435499999999998e+00
   5.0427666666666662e+00
   5.0405166666666670e+00
   5.0383166666666659e+00
   5.0344666666666660e+00
   5.0311499999999993e+00
   5.0293833333333327e+00
   5.0286333333333326e+00
   5.0252499999999998e+00
   5.0212333333333330e+00
   5.0176333333333334e+00
   5.0154833333333331e+00
   5.0163166666666665e+00
   5.0140333333333338e+00
   5.0129333333333337e+00
   5.0129999999999999e+00
   5.0113666666666665e+00
   5.0084499999999998e+00
   5.0023833333333334e+00
   4.9974999999999996e+00
   4.9917666666666660e+00
   4.9848666666666661e+00
   4.9790999999999990e+00
   4.9738666666666660e+00
   4.9700666666666660e+00
   4.9691833333333326e+00
   4.9686166666666658e+00
   4.9651666666666658e+00
   4.9601999999999995e+00
   4.9544499999999996e+00
   4.9467333333333325e+00
   4.9396999999999993e+00
   4.9337666666666653e+00
   4.9273333333333325e+00
   4.9207833333333326e+00
   4.9152333333333322e+00
   4.9079833333333323e+00
   4.9033333333333324e+00
   4.9001666666666654e+00
   4.8975833333333325e+00
   4.8932999999999991e+00
   4.8883166666666664e+00
   4.8837833333333327e+00
   4.8780666666666672e+00
   4.8730666666666673e+00
   4.8687833333333330e+00
   4.8637666666666668e+00
   4.8575833333333334e+00
   4.8511999999999995e+00
   4.8455500000000002e+00
   4.8410499999999992e+00
   4.8365499999999990e+00
   4.8314166666666658e+00
   4.8256166666666660e+00
   4.8199333333333323e+00
   4.8143166666666657e+00
   4.8105999999999991e+00
   4.8080999999999996e+00
   4.8056833333333326e+00
   4.8036666666666656e+00
   4.8012333333333324e+00
   4.7977166666666653e+00
   4.7932999999999995e+00
   4.7878999999999987e+00
   4.7841999999999993e+00
   4.7803833333333330e+00
   4.7790666666666661e+00
   4.7769833333333329e+00
   4.7757333333333323e+00
   4.7751666666666654e+00
   4.7744166666666663e+00
   4.7745833333333323e+00
   4.7747166666666656e+00
   4.7747166666666656e+00
   4.7730333333333324e+00
   4.7723166666666659e+00
   4.7734166666666651e+00
   4.7713333333333319e+00
   4.7693166666666658e+00
   4.7664499999999981e+00
   4.7679333333333318e+00
   4.7685666666666657e+00
   4.7674166666666649e+00
   4.7674999999999983e+00
   4.7704833333333321e+00
   4.7731833333333320e+00
   4.7751833333333318e+00
   4.7760166666666652e+00
   4.7761166666666650e+00
   4.7760166666666652e+00
   4.7755499999999982e+00
   4.7751166666666656e+00
   4.7734999999999994e+00
   4.7709666666666655e+00
   4.7683666666666662e+00
   4.7669666666666659e+00
   4.7659333333333329e+00
   4.7655833333333328e+00
   4.7668999999999988e+00
   4.7683166666666654e+00
   4.7669333333333324e+00
   4.7644833333333327e+00
   4.7619499999999988e+00
   4.7574833333333322e+00
   4.7532666666666650e+00
   4.7482166666666652e+00
   4.7435499999999990e+00
   4.7400499999999992e+00
   4.7388499999999993e+00
   4.7372166666666660e+00
   4.7358166666666657e+00
   4.7363166666666654e+00
   4.7354999999999992e+00
   4.7331999999999992e+00
   4.7312833333333328e+00
   4.7287999999999997e+00
   4.7269166666666660e+00
   4.7237666666666662e+00
   4.7223999999999995e+00
   4.7217500000000001e+00
   4.7197333333333340e+00
   4.7157833333333334e+00
   4.7109833333333340e+00
   4.7087833333333338e+00
   4.7041833333333338e+00
   4.7046999999999999e+00
   4.7063000000000006e+00
   4.7056500000000003e+00
   4.7050666666666672e+00
   4.7070833333333342e+00
   4.7062500000000007e+00
   4.7050000000000010e+00
   4.7018166666666676e+00
   4.6990666666666678e+00
   4.6958833333333345e+00
   4.6923333333333339e+00
   4.6909333333333336e+00
   4.6899500000000014e+00
   4.6884000000000015e+00
   4.6874500000000010e+00
   4.6863333333333346e+00
   4.6848666666666681e+00
   4.6804000000000014e+00
   4.6755666666666684e+00
   4.6731166666666679e+00
   4.6712166666666679e+00
   4.6713333333333349e+00
   4.6703166666666682e+00
   4.6690166666666677e+00
   4.6700000000000017e+00
   4.6690166666666677e+00
   4.6651166666666688e+00
   4.6603833333333355e+00
   4.6564166666666686e+00
   4.6524500000000018e+00
   4.6483000000000017e+00
   4.6460833333333351e+00
   4.6433833333333352e+00
   4.6396166666666687e+00
   4.6368500000000017e+00
   4.6341833333333353e+00
   4.6311166666666681e+00
   4.6260500000000020e+00
   4.6224500000000015e+00
   4.6177166666666682e+00
   4.6141000000000014e+00
   4.6103500000000013e+00
   4.6053666666666686e+00
   4.5999333333333352e+00
   4.5944333333333356e+00
   4.5892000000000026e+00
   4.5856166666666676e+00
   4.5841166666666684e+00
   4.5826666666666691e+00
   4.5813333333333350e+00
   4.5777666666666681e+00
   4.5726000000000013e+00
   4.5696500000000011e+00
   4.5676333333333359e+00
   4.5673500000000020e+00
   4.5676000000000023e+00
   4.5669333333333348e+00
   4.5671666666666688e+00
   4.5635000000000021e+00
   4.5601000000000012e+00
   4.5566000000000013e+00
   4.5541000000000018e+00
   4.5535666666666685e+00
   4.5515166666666680e+00
   4.5498333333333338e+00
   4.5478833333333339e+00
   4.5470166666666678e+00
   4.5463833333333348e+00
   4.5480000000000018e+00
   4.5504500000000014e+00
   4.5553500000000016e+00
   4.5607333333333351e+00
   4.5660500000000015e+00
   4.5676000000000014e+00
   4.5708000000000020e+00
   4.5688500000000012e+00
   4.5670166666666683e+00
   4.5639166666666684e+00
   4.5599833333333351e+00
   4.5598166666666691e+00
   4.5593000000000012e+00
   4.5569833333333349e+00
   4.5544333333333356e+00
   4.5539833333333357e+00
   4.5524333333333358e+00
   4.5489000000000015e+00
   4.5491833333333354e+00
   4.5494333333333357e+00
   4.5518000000000018e+00
   4.5529833333333345e+00
   4.5529166666666683e+00
   4.5502666666666691e+00
   4.5486833333333347e+00
   4.5492666666666679e+00
   4.5483333333333347e+00
   4.5493666666666677e+00
   4.5508500000000014e+00
   4.5547000000000013e+00
   4.5582333333333347e+00
   4.5600333333333349e+00
   4.5634000000000015e+00
   4.5665333333333340e+00
   4.5682166666666673e+00
   4.5702666666666669e+00
   4.5716666666666672e+00
   4.5733000000000006e+00
   4.5767666666666678e+00
   4.5796833333333344e+00
   4.5806500000000012e+00
   4.5825666666666685e+00
   4.5835500000000016e+00
   4.5862833333333359e+00
   4.5875166666666694e+00
   4.5874166666666687e+00
   4.5849500000000019e+00
   4.5846166666666690e+00
   4.5838000000000019e+00
   4.5843500000000015e+00
   4.5829500000000021e+00
   4.5817500000000022e+00
   4.5811500000000027e+00
   4.5822666666666683e+00
   4.5830666666666682e+00
   4.5835000000000017e+00
   4.5821833333333348e+00
   4.5851500000000014e+00
   4.5878000000000023e+00
   4.5929666666666682e+00
   4.5965000000000016e+00
   4.5983666666666689e+00
   4.5986666666666682e+00
   4.5995166666666680e+00
   4.6029666666666689e+00
   4.6049500000000023e+00
   4.6077333333333348e+00
   4.6099333333333341e+00
   4.6113166666666681e+00
   4.6134166666666685e+00
   4.6105500000000026e+00
   4.6080833333333349e+00
   4.6066333333333347e+00
   4.6061500000000013e+00
   4.6065833333333348e+00
   4.6080333333333341e+00
   4.6066500000000010e+00
   4.6050666666666675e+00
   4.6060666666666670e+00
   4.6051833333333345e+00
   4.6036666666666672e+00
   4.6019666666666668e+00
   4.6012333333333340e+00
   4.6022166666666671e+00
   4.6028500000000010e+00
   4.6024833333333337e+00
   4.6023333333333332e+00
   4.5989333333333340e+00
   4.5962500000000004e+00
   4.5943166666666677e+00
   4.5926833333333343e+00
   4.5888500000000008e+00
   4.5850500000000007e+00
   4.5850833333333334e+00
   4.5854833333333342e+00
   4.5844666666666676e+00
   4.5823500000000017e+00
   4.5809333333333351e+00
   4.5787666666666684e+00
   4.5751833333333352e+00
   4.5725500000000023e+00
   4.5676333333333359e+00
   4.5627666666666684e+00
   4.5553333333333352e+00
   4.5492833333333351e+00
   4.5440500000000021e+00
   4.5388166666666692e+00
   4.5366166666666690e+00
   4.5349166666666694e+00
   4.5342833333333354e+00
   4.5348166666666696e+00
   4.5298333333333360e+00
   4.5257000000000023e+00
   4.5227500000000020e+00
   4.5181333333333358e+00
   4.5116166666666695e+00
   4.5068000000000019e+00
   4.5036333333333349e+00
   4.5023833333333352e+00
   4.4994666666666685e+00
   4.4981333333333362e+00
   4.4960000000000031e+00
   4.5002833333333365e+00
   4.5043666666666695e+00
   4.5097333333333367e+00
   4.5130000000000026e+00
   4.5150166666666696e+00
   4.5145333333333362e+00
   4.5121666666666691e+00
   4.5111833333333360e+00
   4.5120166666666703e+00
   4.5120500000000030e+00
   4.5141666666666698e+00
   4.5086500000000029e+00
   4.5084666666666697e+00
   4.5078166666666695e+00
   4.5089333333333359e+00
   4.5091333333333363e+00
   4.5047000000000024e+00
   4.5019666666666698e+00
   4.4988666666666690e+00
   4.4974833333333359e+00
   4.4989333333333361e+00
   4.5022000000000029e+00
   4.5057166666666690e+00
   4.5070000000000023e+00
   4.5116500000000030e+00
   4.5163500000000019e+00
   4.5192666666666685e+00
   4.5227500000000029e+00
   4.5261166666666695e+00
   4.5278333333333363e+00
   4.5274833333333371e+00
   4.5278500000000035e+00
   4.5278000000000027e+00
   4.5264833333333359e+00
   4.5244166666666699e+00
   4.5217500000000026e+00
   4.5211666666666686e+00
   4.5252500000000015e+00
   4.5287666666666686e+00
   4.5316166666666682e+00
   4.5329166666666678e+00
   4.5342000000000020e+00
   4.5363166666666688e+00
   4.5355000000000016e+00
   4.5358666666666680e+00
   4.5367166666666687e+00
   4.5403000000000020e+00
   4.5447666666666686e+00
   4.5502833333333346e+00
   4.5556500000000009e+00
