189.028
189.03
189.035
189.036
189.035
189.043
189.041
189.046
189.044
189.03
189.03
189.037
189.031
189.032
189.032
189.029
189.032
189.037
189.031
189.032
189.028
189.027
189.04
189.033
189.034
189.037
189.029
189.029
189.033
189.032
189.038
189.039
189.042
189.051
189.044
189.041
189.037
189.048
189.036
189.042
189.062
189.026
189.041
189.043
189.045
189.029
189.032
189.035
189.037
189.035
189.034
189.037
189.03
188.995
188.994
189.015
189.03
189.033
189.037
189.046
189.027
189.039
189.046
189.052
189.04
189.039
189.03
189.022
189.035
189.038
189.032
189.033
189.038
189.04
189.034
189.043
189.047
189.033
189.04
189.068
189.057
189.041
189.049
189.052
189.056
189.052
189.067
189.057
189.04
189.038
189.039
189.044
189.047
189.049
189.044
189.033
189.031
189.032
189.032
189.028
189.02
189.025
189.026
189.034
189.03
189.023
189.031
189.042
189.049
189.044
189.043
189.038
189.039
189.037
189.033
189.031
189.03
189.04
189.035
189.036
189.041
189.046
189.046
189.034
189.031
189.03
189.034
189.035
189.033
189.037
189.032
189.031
189.026
189.029
189.036
189.039
189.031
189.026
189.026
189.029
189.044
189.035
189.031
189.035
189.038
189.043
189.037
189.027
189.031
189.032
189.029
189.034
189.047
189.048
189.044
189.039
189.034
189.038
189.046
189.033
189.044
189.035
189.033
189.034
189.017
189.055
189.025
189.052
189.063
189.067
189.084
189.034
189.028
189.031
189.021
189.026
189.034
189.033
189.034
189.031
189.029
189.034
189.048
189.025
189.026
189.033
189.038
189.044
189.029
189.033
189.028
189.019
189.014
189.043
189.04
189.017
189.031
189.025
189.031
189.019
189.016
189.014
189.022
189.011
189.022
189.029
189.032
189.036
189.033
189.035
189.026
189.029
189.015
189.022
189.011
189.026
189.035
189.035
189.022
189.027
189.035
189.044
189.026
189.038
189.03
189.019
189.022
189.023
189.041
189.048
189.043
189.041
189.015
189.025
189.02
189.029
189.046
189.049
189.034
189.031
189.043
189.035
189.037
189.042
189.026
189.017
189.033
189.026
189.025
189.02
189.018
189.006
189.022
189.027
189.042
189.032
189.024
189.012
189.018
189.017
189.029
189.033
189.031
189.037
189.035
189.041
189.039
189.044
189.041
189.045
189.04
189.047
189.039
189.033
189.034
189.04
189.037
189.022
189.026
189.029
189.03
189.021
189.02
189.04
189.028
189.025
189.024
189.021
189.022
189.027
189.018
189.018
189.018
189.032
189.034
189.032
189.03
189.028
189.026
189.031
189.032
189.033
189.041
189.03
189.035
189.035
189.042
189.033
189.029
189.032
189.034
189.022
189.036
189.033
189.028
189.034
189.032
189.02
189.015
189.018
189.02
189.023
189.031
189.026
189.027
189.026
189.049
189.035
189.039
189.038
189.038
189.03
189.035
189.037
189.039
189.041
189.048
189.038
189.052
189.045
189.038
189.045
189.038
189.04
189.041
189.049
189.046
189.038
189.023
189.017
189.033
189.037
189.031
189.033
189.033
189.033
189.031
189.026
189.026
189.022
189.031
189.028
189.026
189.025
189.025
189.021
189.029
189.028
189.027
189.026
189.027
189.028
189.03
189.017
189.024
189.021
189.021
189.012
189.012
189.019
189.019
189.014
189.021
189.019
189.022
189.019
189.02
189.033
189.036
189.024
189.033
189.027
189.033
189.04
189.019
189.024
189.028
189.031
189.031
189.032
189.025
189.029
189.025
189.02
189.017
189.025
189.05
189.023
189.055
189.02
189.024
189.029
189.024
189.055
189.05
189.016
189.049
189.054
189.036
189.052
189.04
189.042
189.023
189.016
189.019
189.014
189.015
189.013
189.034
189.027
189.014
189.029
189.03
189.016
189.023
189.01
189.016
189.019
189.02
189.018
189.026
189.027
189.015
189.012
189.034
189.015
189.022
189.026
189.023
189.02
189.017
189.02
189.026
189.027
189.029
189.031
189.031
189.031
189.027
189.026
189.026
189.033
189.032
189.032
189.028
189.03
189.033
189.034
189.033
189.032
189.028
189.031
189.025
189.025
189.027
189.026
189.023
189.018
189.021
189.024
189.025
189.021
189.026
189.021
189.016
189.017
189.019
189.018
189.017
189.012
189.019
189.02
189.017
189.014
189.023
189.028
189.035
189.036
189.034
189.031
189.027
189.029
189.024
189.028
189.044
189.031
189.023
189.019
189.024
189.029
189.031
189.034
189.04
189.045
189.034
189.034
189.03
189.026
189.047
