1.889939999999999714e+02
1.889949999999999761e+02
1.890059999999999718e+02
1.890099999999999625e+02
1.890109999999999673e+02
1.890109999999999673e+02
1.890119999999999720e+02
1.890119999999999720e+02
1.890119999999999720e+02
1.890119999999999720e+02
1.890119999999999720e+02
1.890129999999999768e+02
1.890139999999999816e+02
1.890139999999999816e+02
1.890139999999999816e+02
1.890139999999999816e+02
1.890139999999999816e+02
1.890139999999999816e+02
1.890149999999999579e+02
1.890149999999999579e+02
1.890149999999999579e+02
1.890149999999999579e+02
1.890149999999999579e+02
1.890149999999999579e+02
1.890149999999999579e+02
1.890159999999999627e+02
1.890159999999999627e+02
1.890159999999999627e+02
1.890159999999999627e+02
1.890159999999999627e+02
1.890159999999999627e+02
1.890169999999999675e+02
1.890169999999999675e+02
1.890169999999999675e+02
1.890169999999999675e+02
1.890169999999999675e+02
1.890169999999999675e+02
1.890169999999999675e+02
1.890169999999999675e+02
1.890169999999999675e+02
1.890169999999999675e+02
1.890169999999999675e+02
1.890179999999999723e+02
1.890179999999999723e+02
1.890179999999999723e+02
1.890179999999999723e+02
1.890179999999999723e+02
1.890179999999999723e+02
1.890179999999999723e+02
1.890179999999999723e+02
1.890179999999999723e+02
1.890189999999999770e+02
1.890189999999999770e+02
1.890189999999999770e+02
1.890189999999999770e+02
1.890189999999999770e+02
1.890189999999999770e+02
1.890189999999999770e+02
1.890189999999999770e+02
1.890189999999999770e+02
1.890189999999999770e+02
1.890189999999999770e+02
1.890189999999999770e+02
1.890189999999999770e+02
1.890199999999999818e+02
1.890199999999999818e+02
1.890199999999999818e+02
1.890199999999999818e+02
1.890199999999999818e+02
1.890199999999999818e+02
1.890199999999999818e+02
1.890199999999999818e+02
1.890199999999999818e+02
1.890199999999999818e+02
1.890199999999999818e+02
1.890199999999999818e+02
1.890199999999999818e+02
1.890209999999999582e+02
1.890209999999999582e+02
1.890209999999999582e+02
1.890209999999999582e+02
1.890209999999999582e+02
1.890209999999999582e+02
1.890209999999999582e+02
1.890209999999999582e+02
1.890209999999999582e+02
1.890209999999999582e+02
1.890219999999999629e+02
1.890219999999999629e+02
1.890219999999999629e+02
1.890219999999999629e+02
1.890219999999999629e+02
1.890219999999999629e+02
1.890219999999999629e+02
1.890219999999999629e+02
1.890219999999999629e+02
1.890219999999999629e+02
1.890219999999999629e+02
1.890219999999999629e+02
1.890219999999999629e+02
1.890229999999999677e+02
1.890229999999999677e+02
1.890229999999999677e+02
1.890229999999999677e+02
1.890229999999999677e+02
1.890229999999999677e+02
1.890229999999999677e+02
1.890229999999999677e+02
1.890229999999999677e+02
1.890229999999999677e+02
1.890229999999999677e+02
1.890239999999999725e+02
1.890239999999999725e+02
1.890239999999999725e+02
1.890239999999999725e+02
1.890239999999999725e+02
1.890239999999999725e+02
1.890239999999999725e+02
1.890239999999999725e+02
1.890239999999999725e+02
1.890239999999999725e+02
1.890249999999999773e+02
1.890249999999999773e+02
1.890249999999999773e+02
1.890249999999999773e+02
1.890249999999999773e+02
1.890249999999999773e+02
1.890249999999999773e+02
1.890249999999999773e+02
1.890249999999999773e+02
1.890249999999999773e+02
1.890249999999999773e+02
1.890249999999999773e+02
1.890249999999999773e+02
1.890249999999999773e+02
1.890249999999999773e+02
1.890259999999999820e+02
1.890259999999999820e+02
1.890259999999999820e+02
1.890259999999999820e+02
1.890259999999999820e+02
1.890259999999999820e+02
1.890259999999999820e+02
1.890259999999999820e+02
1.890259999999999820e+02
1.890259999999999820e+02
1.890259999999999820e+02
1.890259999999999820e+02
1.890259999999999820e+02
1.890259999999999820e+02
1.890259999999999820e+02
1.890259999999999820e+02
1.890259999999999820e+02
1.890259999999999820e+02
1.890259999999999820e+02
1.890259999999999820e+02
1.890259999999999820e+02
1.890259999999999820e+02
1.890259999999999820e+02
1.890259999999999820e+02
1.890259999999999820e+02
1.890259999999999820e+02
1.890259999999999820e+02
1.890259999999999820e+02
1.890269999999999584e+02
1.890269999999999584e+02
1.890269999999999584e+02
1.890269999999999584e+02
1.890269999999999584e+02
1.890269999999999584e+02
1.890269999999999584e+02
1.890269999999999584e+02
1.890269999999999584e+02
1.890269999999999584e+02
1.890269999999999584e+02
1.890269999999999584e+02
1.890269999999999584e+02
1.890269999999999584e+02
1.890269999999999584e+02
1.890269999999999584e+02
1.890279999999999632e+02
1.890279999999999632e+02
1.890279999999999632e+02
1.890279999999999632e+02
1.890279999999999632e+02
1.890279999999999632e+02
1.890279999999999632e+02
1.890279999999999632e+02
1.890279999999999632e+02
1.890279999999999632e+02
1.890279999999999632e+02
1.890279999999999632e+02
1.890279999999999632e+02
1.890279999999999632e+02
1.890279999999999632e+02
1.890279999999999632e+02
1.890289999999999679e+02
1.890289999999999679e+02
1.890289999999999679e+02
1.890289999999999679e+02
1.890289999999999679e+02
1.890289999999999679e+02
1.890289999999999679e+02
1.890289999999999679e+02
1.890289999999999679e+02
1.890289999999999679e+02
1.890289999999999679e+02
1.890289999999999679e+02
1.890289999999999679e+02
1.890289999999999679e+02
1.890289999999999679e+02
1.890289999999999679e+02
1.890289999999999679e+02
1.890289999999999679e+02
1.890289999999999679e+02
1.890289999999999679e+02
1.890289999999999679e+02
1.890289999999999679e+02
1.890299999999999727e+02
1.890299999999999727e+02
1.890299999999999727e+02
1.890299999999999727e+02
1.890299999999999727e+02
1.890299999999999727e+02
1.890299999999999727e+02
1.890299999999999727e+02
1.890299999999999727e+02
1.890299999999999727e+02
1.890299999999999727e+02
1.890299999999999727e+02
1.890299999999999727e+02
1.890299999999999727e+02
1.890299999999999727e+02
1.890299999999999727e+02
1.890299999999999727e+02
1.890299999999999727e+02
1.890309999999999775e+02
1.890309999999999775e+02
1.890309999999999775e+02
1.890309999999999775e+02
1.890309999999999775e+02
1.890309999999999775e+02
1.890309999999999775e+02
1.890309999999999775e+02
1.890309999999999775e+02
1.890309999999999775e+02
1.890309999999999775e+02
1.890309999999999775e+02
1.890309999999999775e+02
1.890309999999999775e+02
1.890309999999999775e+02
1.890309999999999775e+02
1.890309999999999775e+02
1.890309999999999775e+02
1.890309999999999775e+02
1.890309999999999775e+02
1.890309999999999775e+02
1.890309999999999775e+02
1.890309999999999775e+02
1.890309999999999775e+02
1.890309999999999775e+02
1.890309999999999775e+02
1.890309999999999775e+02
1.890309999999999775e+02
1.890309999999999775e+02
1.890309999999999775e+02
1.890319999999999823e+02
1.890319999999999823e+02
1.890319999999999823e+02
1.890319999999999823e+02
1.890319999999999823e+02
1.890319999999999823e+02
1.890319999999999823e+02
1.890319999999999823e+02
1.890319999999999823e+02
1.890319999999999823e+02
1.890319999999999823e+02
1.890319999999999823e+02
1.890319999999999823e+02
1.890319999999999823e+02
1.890319999999999823e+02
1.890319999999999823e+02
1.890319999999999823e+02
1.890319999999999823e+02
1.890319999999999823e+02
1.890319999999999823e+02
1.890319999999999823e+02
1.890319999999999823e+02
1.890329999999999586e+02
1.890329999999999586e+02
1.890329999999999586e+02
1.890329999999999586e+02
1.890329999999999586e+02
1.890329999999999586e+02
1.890329999999999586e+02
1.890329999999999586e+02
1.890329999999999586e+02
1.890329999999999586e+02
1.890329999999999586e+02
1.890329999999999586e+02
1.890329999999999586e+02
1.890329999999999586e+02
1.890329999999999586e+02
1.890329999999999586e+02
1.890329999999999586e+02
1.890329999999999586e+02
1.890329999999999586e+02
1.890329999999999586e+02
1.890329999999999586e+02
1.890329999999999586e+02
1.890329999999999586e+02
1.890329999999999586e+02
1.890329999999999586e+02
1.890329999999999586e+02
1.890329999999999586e+02
1.890329999999999586e+02
1.890329999999999586e+02
1.890329999999999586e+02
1.890339999999999634e+02
1.890339999999999634e+02
1.890339999999999634e+02
1.890339999999999634e+02
1.890339999999999634e+02
1.890339999999999634e+02
1.890339999999999634e+02
1.890339999999999634e+02
1.890339999999999634e+02
1.890339999999999634e+02
1.890339999999999634e+02
1.890339999999999634e+02
1.890339999999999634e+02
1.890339999999999634e+02
1.890339999999999634e+02
1.890339999999999634e+02
1.890339999999999634e+02
1.890339999999999634e+02
1.890339999999999634e+02
1.890339999999999634e+02
1.890339999999999634e+02
1.890339999999999634e+02
1.890339999999999634e+02
1.890339999999999634e+02
1.890339999999999634e+02
1.890349999999999682e+02
1.890349999999999682e+02
1.890349999999999682e+02
1.890349999999999682e+02
1.890349999999999682e+02
1.890349999999999682e+02
1.890349999999999682e+02
1.890349999999999682e+02
1.890349999999999682e+02
1.890349999999999682e+02
1.890349999999999682e+02
1.890349999999999682e+02
1.890349999999999682e+02
1.890349999999999682e+02
1.890349999999999682e+02
1.890349999999999682e+02
1.890349999999999682e+02
1.890349999999999682e+02
1.890349999999999682e+02
1.890349999999999682e+02
1.890349999999999682e+02
1.890359999999999729e+02
1.890359999999999729e+02
1.890359999999999729e+02
1.890359999999999729e+02
1.890359999999999729e+02
1.890359999999999729e+02
1.890359999999999729e+02
1.890359999999999729e+02
1.890359999999999729e+02
1.890369999999999777e+02
1.890369999999999777e+02
1.890369999999999777e+02
1.890369999999999777e+02
1.890369999999999777e+02
1.890369999999999777e+02
1.890369999999999777e+02
1.890369999999999777e+02
1.890369999999999777e+02
1.890369999999999777e+02
1.890369999999999777e+02
1.890369999999999777e+02
1.890369999999999777e+02
1.890369999999999777e+02
1.890369999999999777e+02
1.890379999999999825e+02
1.890379999999999825e+02
1.890379999999999825e+02
1.890379999999999825e+02
1.890379999999999825e+02
1.890379999999999825e+02
1.890379999999999825e+02
1.890379999999999825e+02
1.890379999999999825e+02
1.890379999999999825e+02
1.890379999999999825e+02
1.890379999999999825e+02
1.890379999999999825e+02
1.890379999999999825e+02
1.890379999999999825e+02
1.890389999999999588e+02
1.890389999999999588e+02
1.890389999999999588e+02
1.890389999999999588e+02
1.890389999999999588e+02
1.890389999999999588e+02
1.890389999999999588e+02
1.890389999999999588e+02
1.890389999999999588e+02
1.890389999999999588e+02
1.890389999999999588e+02
1.890399999999999636e+02
1.890399999999999636e+02
1.890399999999999636e+02
1.890399999999999636e+02
1.890399999999999636e+02
1.890399999999999636e+02
1.890399999999999636e+02
1.890399999999999636e+02
1.890399999999999636e+02
1.890399999999999636e+02
1.890399999999999636e+02
1.890399999999999636e+02
1.890399999999999636e+02
1.890399999999999636e+02
1.890409999999999684e+02
1.890409999999999684e+02
1.890409999999999684e+02
1.890409999999999684e+02
1.890409999999999684e+02
1.890409999999999684e+02
1.890409999999999684e+02
1.890409999999999684e+02
1.890409999999999684e+02
1.890409999999999684e+02
1.890409999999999684e+02
1.890409999999999684e+02
1.890419999999999732e+02
1.890419999999999732e+02
1.890419999999999732e+02
1.890419999999999732e+02
1.890419999999999732e+02
1.890419999999999732e+02
1.890419999999999732e+02
1.890429999999999779e+02
1.890429999999999779e+02
1.890429999999999779e+02
1.890429999999999779e+02
1.890429999999999779e+02
1.890429999999999779e+02
1.890429999999999779e+02
1.890429999999999779e+02
1.890439999999999827e+02
1.890439999999999827e+02
1.890439999999999827e+02
1.890439999999999827e+02
1.890439999999999827e+02
1.890439999999999827e+02
1.890439999999999827e+02
1.890439999999999827e+02
1.890439999999999827e+02
1.890439999999999827e+02
1.890439999999999827e+02
1.890439999999999827e+02
1.890449999999999591e+02
1.890449999999999591e+02
1.890449999999999591e+02
1.890449999999999591e+02
1.890449999999999591e+02
1.890459999999999638e+02
1.890459999999999638e+02
1.890459999999999638e+02
1.890459999999999638e+02
1.890459999999999638e+02
1.890459999999999638e+02
1.890459999999999638e+02
1.890459999999999638e+02
1.890469999999999686e+02
1.890469999999999686e+02
1.890469999999999686e+02
1.890469999999999686e+02
1.890469999999999686e+02
1.890479999999999734e+02
1.890479999999999734e+02
1.890479999999999734e+02
1.890479999999999734e+02
1.890479999999999734e+02
1.890489999999999782e+02
1.890489999999999782e+02
1.890489999999999782e+02
1.890489999999999782e+02
1.890489999999999782e+02
1.890489999999999782e+02
1.890489999999999782e+02
1.890499999999999829e+02
1.890499999999999829e+02
1.890509999999999593e+02
1.890519999999999641e+02
1.890519999999999641e+02
1.890519999999999641e+02
1.890519999999999641e+02
1.890519999999999641e+02
1.890519999999999641e+02
1.890539999999999736e+02
1.890549999999999784e+02
1.890549999999999784e+02
1.890549999999999784e+02
1.890559999999999832e+02
1.890569999999999595e+02
1.890569999999999595e+02
1.890619999999999834e+02
1.890629999999999598e+02
1.890669999999999789e+02
1.890669999999999789e+02
1.890679999999999836e+02
1.890839999999999748e+02
