1.889939999999999998e+02
1.889950000000000045e+02
1.890060000000000002e+02
1.890099999999999909e+02
1.890109999999999957e+02
1.890109999999999957e+02
1.890120000000000005e+02
1.890120000000000005e+02
1.890120000000000005e+02
1.890120000000000005e+02
1.890120000000000005e+02
1.890130000000000052e+02
1.890140000000000100e+02
1.890140000000000100e+02
1.890140000000000100e+02
1.890140000000000100e+02
1.890140000000000100e+02
1.890140000000000100e+02
1.890149999999999864e+02
1.890149999999999864e+02
1.890149999999999864e+02
1.890149999999999864e+02
1.890149999999999864e+02
1.890149999999999864e+02
1.890149999999999864e+02
1.890159999999999911e+02
1.890159999999999911e+02
1.890159999999999911e+02
1.890159999999999911e+02
1.890159999999999911e+02
1.890159999999999911e+02
1.890169999999999959e+02
1.890169999999999959e+02
1.890169999999999959e+02
1.890169999999999959e+02
1.890169999999999959e+02
1.890169999999999959e+02
1.890169999999999959e+02
1.890169999999999959e+02
1.890169999999999959e+02
1.890169999999999959e+02
1.890169999999999959e+02
1.890180000000000007e+02
1.890180000000000007e+02
1.890180000000000007e+02
1.890180000000000007e+02
1.890180000000000007e+02
1.890180000000000007e+02
1.890180000000000007e+02
1.890180000000000007e+02
1.890180000000000007e+02
1.890190000000000055e+02
1.890190000000000055e+02
1.890190000000000055e+02
1.890190000000000055e+02
1.890190000000000055e+02
1.890190000000000055e+02
1.890190000000000055e+02
1.890190000000000055e+02
1.890190000000000055e+02
1.890190000000000055e+02
1.890190000000000055e+02
1.890190000000000055e+02
1.890190000000000055e+02
1.890200000000000102e+02
1.890200000000000102e+02
1.890200000000000102e+02
1.890200000000000102e+02
1.890200000000000102e+02
1.890200000000000102e+02
1.890200000000000102e+02
1.890200000000000102e+02
1.890200000000000102e+02
1.890200000000000102e+02
1.890200000000000102e+02
1.890200000000000102e+02
1.890200000000000102e+02
1.890209999999999866e+02
1.890209999999999866e+02
1.890209999999999866e+02
1.890209999999999866e+02
1.890209999999999866e+02
1.890209999999999866e+02
1.890209999999999866e+02
1.890209999999999866e+02
1.890209999999999866e+02
1.890209999999999866e+02
1.890219999999999914e+02
1.890219999999999914e+02
1.890219999999999914e+02
1.890219999999999914e+02
1.890219999999999914e+02
1.890219999999999914e+02
1.890219999999999914e+02
1.890219999999999914e+02
1.890219999999999914e+02
1.890219999999999914e+02
1.890219999999999914e+02
1.890219999999999914e+02
1.890219999999999914e+02
1.890229999999999961e+02
1.890229999999999961e+02
1.890229999999999961e+02
1.890229999999999961e+02
1.890229999999999961e+02
1.890229999999999961e+02
1.890229999999999961e+02
1.890229999999999961e+02
1.890229999999999961e+02
1.890229999999999961e+02
1.890229999999999961e+02
1.890240000000000009e+02
1.890240000000000009e+02
1.890240000000000009e+02
1.890240000000000009e+02
1.890240000000000009e+02
1.890240000000000009e+02
1.890240000000000009e+02
1.890240000000000009e+02
1.890240000000000009e+02
1.890240000000000009e+02
1.890250000000000057e+02
1.890250000000000057e+02
1.890250000000000057e+02
1.890250000000000057e+02
1.890250000000000057e+02
1.890250000000000057e+02
1.890250000000000057e+02
1.890250000000000057e+02
1.890250000000000057e+02
1.890250000000000057e+02
1.890250000000000057e+02
1.890250000000000057e+02
1.890250000000000057e+02
1.890250000000000057e+02
1.890250000000000057e+02
1.890260000000000105e+02
1.890260000000000105e+02
1.890260000000000105e+02
1.890260000000000105e+02
1.890260000000000105e+02
1.890260000000000105e+02
1.890260000000000105e+02
1.890260000000000105e+02
1.890260000000000105e+02
1.890260000000000105e+02
1.890260000000000105e+02
1.890260000000000105e+02
1.890260000000000105e+02
1.890260000000000105e+02
1.890260000000000105e+02
1.890260000000000105e+02
1.890260000000000105e+02
1.890260000000000105e+02
1.890260000000000105e+02
1.890260000000000105e+02
1.890260000000000105e+02
1.890260000000000105e+02
1.890260000000000105e+02
1.890260000000000105e+02
1.890260000000000105e+02
1.890260000000000105e+02
1.890260000000000105e+02
1.890260000000000105e+02
1.890269999999999868e+02
1.890269999999999868e+02
1.890269999999999868e+02
1.890269999999999868e+02
1.890269999999999868e+02
1.890269999999999868e+02
1.890269999999999868e+02
1.890269999999999868e+02
1.890269999999999868e+02
1.890269999999999868e+02
1.890269999999999868e+02
1.890269999999999868e+02
1.890269999999999868e+02
1.890269999999999868e+02
1.890269999999999868e+02
1.890269999999999868e+02
1.890279999999999916e+02
1.890279999999999916e+02
1.890279999999999916e+02
1.890279999999999916e+02
1.890279999999999916e+02
1.890279999999999916e+02
1.890279999999999916e+02
1.890279999999999916e+02
1.890279999999999916e+02
1.890279999999999916e+02
1.890279999999999916e+02
1.890279999999999916e+02
1.890279999999999916e+02
1.890279999999999916e+02
1.890279999999999916e+02
1.890279999999999916e+02
1.890289999999999964e+02
1.890289999999999964e+02
1.890289999999999964e+02
1.890289999999999964e+02
1.890289999999999964e+02
1.890289999999999964e+02
1.890289999999999964e+02
1.890289999999999964e+02
1.890289999999999964e+02
1.890289999999999964e+02
1.890289999999999964e+02
1.890289999999999964e+02
1.890289999999999964e+02
1.890289999999999964e+02
1.890289999999999964e+02
1.890289999999999964e+02
1.890289999999999964e+02
1.890289999999999964e+02
1.890289999999999964e+02
1.890289999999999964e+02
1.890289999999999964e+02
1.890289999999999964e+02
1.890300000000000011e+02
1.890300000000000011e+02
1.890300000000000011e+02
1.890300000000000011e+02
1.890300000000000011e+02
1.890300000000000011e+02
1.890300000000000011e+02
1.890300000000000011e+02
1.890300000000000011e+02
1.890300000000000011e+02
1.890300000000000011e+02
1.890300000000000011e+02
1.890300000000000011e+02
1.890300000000000011e+02
1.890300000000000011e+02
1.890300000000000011e+02
1.890300000000000011e+02
1.890300000000000011e+02
1.890310000000000059e+02
1.890310000000000059e+02
1.890310000000000059e+02
1.890310000000000059e+02
1.890310000000000059e+02
1.890310000000000059e+02
1.890310000000000059e+02
1.890310000000000059e+02
1.890310000000000059e+02
1.890310000000000059e+02
1.890310000000000059e+02
1.890310000000000059e+02
1.890310000000000059e+02
1.890310000000000059e+02
1.890310000000000059e+02
1.890310000000000059e+02
1.890310000000000059e+02
1.890310000000000059e+02
1.890310000000000059e+02
1.890310000000000059e+02
1.890310000000000059e+02
1.890310000000000059e+02
1.890310000000000059e+02
1.890310000000000059e+02
1.890310000000000059e+02
1.890310000000000059e+02
1.890310000000000059e+02
1.890310000000000059e+02
1.890310000000000059e+02
1.890310000000000059e+02
1.890320000000000107e+02
1.890320000000000107e+02
1.890320000000000107e+02
1.890320000000000107e+02
1.890320000000000107e+02
1.890320000000000107e+02
1.890320000000000107e+02
1.890320000000000107e+02
1.890320000000000107e+02
1.890320000000000107e+02
1.890320000000000107e+02
1.890320000000000107e+02
1.890320000000000107e+02
1.890320000000000107e+02
1.890320000000000107e+02
1.890320000000000107e+02
1.890320000000000107e+02
1.890320000000000107e+02
1.890320000000000107e+02
1.890320000000000107e+02
1.890320000000000107e+02
1.890320000000000107e+02
1.890329999999999870e+02
1.890329999999999870e+02
1.890329999999999870e+02
1.890329999999999870e+02
1.890329999999999870e+02
1.890329999999999870e+02
1.890329999999999870e+02
1.890329999999999870e+02
1.890329999999999870e+02
1.890329999999999870e+02
1.890329999999999870e+02
1.890329999999999870e+02
1.890329999999999870e+02
1.890329999999999870e+02
1.890329999999999870e+02
1.890329999999999870e+02
1.890329999999999870e+02
1.890329999999999870e+02
1.890329999999999870e+02
1.890329999999999870e+02
1.890329999999999870e+02
1.890329999999999870e+02
1.890329999999999870e+02
1.890329999999999870e+02
1.890329999999999870e+02
1.890329999999999870e+02
1.890329999999999870e+02
1.890329999999999870e+02
1.890329999999999870e+02
1.890329999999999870e+02
1.890339999999999918e+02
1.890339999999999918e+02
1.890339999999999918e+02
1.890339999999999918e+02
1.890339999999999918e+02
1.890339999999999918e+02
1.890339999999999918e+02
1.890339999999999918e+02
1.890339999999999918e+02
1.890339999999999918e+02
1.890339999999999918e+02
1.890339999999999918e+02
1.890339999999999918e+02
1.890339999999999918e+02
1.890339999999999918e+02
1.890339999999999918e+02
1.890339999999999918e+02
1.890339999999999918e+02
1.890339999999999918e+02
1.890339999999999918e+02
1.890339999999999918e+02
1.890339999999999918e+02
1.890339999999999918e+02
1.890339999999999918e+02
1.890339999999999918e+02
1.890349999999999966e+02
1.890349999999999966e+02
1.890349999999999966e+02
1.890349999999999966e+02
1.890349999999999966e+02
1.890349999999999966e+02
1.890349999999999966e+02
1.890349999999999966e+02
1.890349999999999966e+02
1.890349999999999966e+02
1.890349999999999966e+02
1.890349999999999966e+02
1.890349999999999966e+02
1.890349999999999966e+02
1.890349999999999966e+02
1.890349999999999966e+02
1.890349999999999966e+02
1.890349999999999966e+02
1.890349999999999966e+02
1.890349999999999966e+02
1.890349999999999966e+02
1.890360000000000014e+02
1.890360000000000014e+02
1.890360000000000014e+02
1.890360000000000014e+02
1.890360000000000014e+02
1.890360000000000014e+02
1.890360000000000014e+02
1.890360000000000014e+02
1.890360000000000014e+02
1.890370000000000061e+02
1.890370000000000061e+02
1.890370000000000061e+02
1.890370000000000061e+02
1.890370000000000061e+02
1.890370000000000061e+02
1.890370000000000061e+02
1.890370000000000061e+02
1.890370000000000061e+02
1.890370000000000061e+02
1.890370000000000061e+02
1.890370000000000061e+02
1.890370000000000061e+02
1.890370000000000061e+02
1.890370000000000061e+02
1.890380000000000109e+02
1.890380000000000109e+02
1.890380000000000109e+02
1.890380000000000109e+02
1.890380000000000109e+02
1.890380000000000109e+02
1.890380000000000109e+02
1.890380000000000109e+02
1.890380000000000109e+02
1.890380000000000109e+02
1.890380000000000109e+02
1.890380000000000109e+02
1.890380000000000109e+02
1.890380000000000109e+02
1.890380000000000109e+02
1.890389999999999873e+02
1.890389999999999873e+02
1.890389999999999873e+02
1.890389999999999873e+02
1.890389999999999873e+02
1.890389999999999873e+02
1.890389999999999873e+02
1.890389999999999873e+02
1.890389999999999873e+02
1.890389999999999873e+02
1.890389999999999873e+02
1.890399999999999920e+02
1.890399999999999920e+02
1.890399999999999920e+02
1.890399999999999920e+02
1.890399999999999920e+02
1.890399999999999920e+02
1.890399999999999920e+02
1.890399999999999920e+02
1.890399999999999920e+02
1.890399999999999920e+02
1.890399999999999920e+02
1.890399999999999920e+02
1.890399999999999920e+02
1.890399999999999920e+02
1.890409999999999968e+02
1.890409999999999968e+02
1.890409999999999968e+02
1.890409999999999968e+02
1.890409999999999968e+02
1.890409999999999968e+02
1.890409999999999968e+02
1.890409999999999968e+02
1.890409999999999968e+02
1.890409999999999968e+02
1.890409999999999968e+02
1.890409999999999968e+02
1.890420000000000016e+02
1.890420000000000016e+02
1.890420000000000016e+02
1.890420000000000016e+02
1.890420000000000016e+02
1.890420000000000016e+02
1.890420000000000016e+02
1.890430000000000064e+02
1.890430000000000064e+02
1.890430000000000064e+02
1.890430000000000064e+02
1.890430000000000064e+02
1.890430000000000064e+02
1.890430000000000064e+02
1.890430000000000064e+02
1.890440000000000111e+02
1.890440000000000111e+02
1.890440000000000111e+02
1.890440000000000111e+02
1.890440000000000111e+02
1.890440000000000111e+02
1.890440000000000111e+02
1.890440000000000111e+02
1.890440000000000111e+02
1.890440000000000111e+02
1.890440000000000111e+02
1.890440000000000111e+02
1.890449999999999875e+02
1.890449999999999875e+02
1.890449999999999875e+02
1.890449999999999875e+02
1.890449999999999875e+02
1.890459999999999923e+02
1.890459999999999923e+02
1.890459999999999923e+02
1.890459999999999923e+02
1.890459999999999923e+02
1.890459999999999923e+02
1.890459999999999923e+02
1.890459999999999923e+02
1.890469999999999970e+02
1.890469999999999970e+02
1.890469999999999970e+02
1.890469999999999970e+02
1.890469999999999970e+02
1.890480000000000018e+02
1.890480000000000018e+02
1.890480000000000018e+02
1.890480000000000018e+02
1.890480000000000018e+02
1.890490000000000066e+02
1.890490000000000066e+02
1.890490000000000066e+02
1.890490000000000066e+02
1.890490000000000066e+02
1.890490000000000066e+02
1.890490000000000066e+02
1.890500000000000114e+02
1.890500000000000114e+02
1.890509999999999877e+02
1.890519999999999925e+02
1.890519999999999925e+02
1.890519999999999925e+02
1.890519999999999925e+02
1.890519999999999925e+02
1.890519999999999925e+02
1.890540000000000020e+02
1.890550000000000068e+02
1.890550000000000068e+02
1.890550000000000068e+02
1.890560000000000116e+02
1.890569999999999879e+02
1.890569999999999879e+02
1.890620000000000118e+02
1.890629999999999882e+02
1.890670000000000073e+02
1.890670000000000073e+02
1.890680000000000121e+02
1.890840000000000032e+02
